9 77 92
99 18 94
20 24 2
46 25 28
52 38 13
97 63 21
24 86 31
66 56 73
57 47 25
44 67 3
66 43 74
76 78 76
69 47 88
23 91 81
88 17 70
46 33 77
31 4 37
34 34 83
42 65 1
56 56 14
5 29 100
81 78 16
10 84 97
32 55 64
64 65 55
6 13 30
70 19 44
94 87 91
38 12 84
56 44 9
81 83 46
17 41 48
41 57 30
67 48 92
70 50 26
87 14 51
45 47 99
44 58 87
93 86 1
72 24 2
94 34 63
97 70 95
11 28 100
51 20 82
35 95 100
38 25 3
32 48 38
92 25 91
23 67 64
37 46 16
13 52 74
6 35 90
61 80 48
24 86 2
33 59 11
62 17 64
72 74 7
78 40 66
98 17 92
18 72 90
53 2 87
94 9 3
5 69 91
28 76 5
68 85 61
48 30 4
53 59 75
17 93 87
31 100 68
46 72 59
29 51 78
89 87 72
90 91 100
54 37 54
57 51 22
14 36 23
34 93 97
76 31 11
91 13 11
83 43 17
4 36 54
58 73 10
16 45 50
72 17 74
57 46 41
73 7 99
61 38 17
90 76 38
64 67 9
19 65 70
9 40 31
83 81 90
86 24 10
62 72 20
69 83 96
60 59 84
60 21 65
97 13 87
14 2 13
45 6 93
75 57 36
80 51 89
20 76 13
52 93 42
37 92 38
51 10 49
80 91 96
9 8 46
64 70 40
88 46 88
95 95 46
89 75 68
60 94 56
74 67 29
86 42 73
32 60 32
55 77 18
44 3 41
94 62 8
5 61 28
13 54 8
29 86 25
34 38 31
19 84 65
66 7 12
14 87 60
53 84 8
79 47 44
7 82 35
2 8 72
37 45 95
61 13 60
48 97 22
26 67 46
62 22 75
67 92 82
43 52 75
94 43 35
50 74 89
96 30 85
35 38 84
28 39 43
22 46 74
18 54 66
65 83 24
16 30 20
48 97 42
40 67 79
85 10 100
76 16 79
44 50 7
75 51 44
6 54 74
77 57 40
66 36 85
12 23 23
7 27 46
96 76 75
17 53 3
39 28 59
49 15 53
52 27 68
13 58 75
79 71 20
46 1 62
92 34 80
87 15 63
19 85 58
88 7 32
86 31 94
34 94 19
75 25 16
67 64 47
26 39 70
87 87 27
80 7 32
64 75 87
40 100 72
46 68 22
50 74 96
2 88 86
2 84 69
35 87 63
12 3 55
25 15 66
87 94 50
8 17 77
96 97 99
23 31 15
94 7 94
25 9 77
12 77 27
52 43 12
2 6 99
7 78 55
74 30 10
45 17 85
78 34 13
87 50 37
43 78 7
3 5 18
44 58 15
22 29 92
91 56 27
46 17 86
55 61 30
93 6 22
73 39 97
53 48 30
71 32 41
91 76 13
92 57 5
11 4 41
99 95 99
11 44 18
87 1 77
24 97 28
29 19 80
45 63 74
70 29 41
65 36 68
45 6 35
1 81 63
100 3 26
30 4 37
44 62 64
90 62 84
6 31 89
38 69 11
44 28 11
58 24 65
60 95 33
81 90 83
6 77 50
58 21 65
2 93 19
6 33 59
91 92 96
2 61 65
21 1 95
88 23 35
4 86 18
63 81 67
13 91 66
91 66 48
73 11 1
36 6 30
1 63 91
40 21 28
2 98 10
20 33 49
82 89 26
70 29 25
61 15 48
37 4 67
9 49 38
88 29 50
31 10 85
51 8 65
43 51 30
72 80 31
34 4 16
88 20 95
46 19 36
90 47 93
47 95 30
19 19 81
46 67 24
82 71 18
70 79 7
25 59 18
85 2 17
1 37 83
72 35 52
31 79 47
98 6 90
10 37 72
37 82 52
54 99 38
2 80 59
45 45 2
47 58 8
70 91 34
5 72 29
89 43 4
86 59 72
94 82 100
15 20 76
58 94 53
82 98 59
85 1 76
77 16 44
59 2 22
75 26 67
81 99 48
24 87 24
26 7 46
72 64 4
93 31 38
82 34 8
55 36 6
72 95 19
53 65 65
5 30 50
39 69 27
30 34 51
3 90 83
37 77 33
8 82 9
23 25 54
29 78 51
57 78 33
62 95 3
94 3 65
10 40 85
61 34 54
22 94 88
76 50 3
86 92 95
27 87 32
32 32 72
30 83 25
5 20 47
25 3 36
39 65 59
97 9 33
17 36 11
79 50 41
28 1 88
60 77 67
79 25 90
38 29 2
75 32 20
9 48 88
20 33 56
89 28 28
63 11 57
42 83 14
2 82 25
55 52 52
46 13 38
15 88 69
6 96 36
87 10 99
41 78 69
87 54 42
93 98 66
4 66 38
97 82 67
23 88 65
18 1 50
29 51 18
13 53 45
10 84 61
91 59 51
33 17 88
65 11 19
90 55 84
44 71 25
31 53 95
74 23 74
72 85 28
74 21 6
18 38 47
72 94 7
5 61 54
33 6 13
24 49 13
61 11 39
97 27 82
5 39 54
41 43 82
3 25 67
89 39 64
47 99 5
83 23 72
96 50 13
96 38 74
59 63 88
89 38 60
19 10 77
39 20 19
58 89 52
53 83 86
63 83 70
23 61 56
46 81 43
19 52 43
36 64 29
63 6 70
19 81 69
71 71 94
38 48 43
15 8 75
61 3 42
75 24 77
81 55 76
7 39 10
100 93 87
71 28 98
96 77 71
74 96 46
3 61 21
82 82 27
75 79 25
21 49 19
85 43 26
47 9 24
52 67 11
64 63 90
7 92 37
100 45 17
2 67 91
39 80 67
11 97 1
14 84 51
92 57 77
76 82 77
54 54 29
58 70 46
72 98 82
89 6 37
60 53 86
16 69 21
76 13 41
86 58 99
29 71 2
95 63 24
15 71 2
53 95 27
69 29 43
50 5 28
34 66 31
74 65 76
57 39 4
6 93 80
14 83 44
42 71 55
72 95 28
72 61 58
49 41 3
20 18 70
13 77 39
69 23 68
13 72 77
81 38 19
15 33 6
69 17 71
24 75 84
77 76 73
96 45 75
14 34 35
14 3 97
66 53 19
20 32 7
82 19 42
86 76 27
39 32 53
5 44 13
100 23 42
21 41 90
9 10 56
8 39 35
8 81 97
25 100 54
84 59 53
46 7 37
85 44 64
37 20 39
70 33 58
61 3 53
25 91 76
50 69 81
2 86 45
70 46 14
56 72 26
21 42 54
11 90 46
56 19 41
42 7 36
53 81 17
3 50 68
47 3 30
11 87 62
61 19 3
15 25 91
7 77 53
12 28 35
34 31 61
21 53 53
70 24 52
93 80 22
47 2 83
29 43 43
17 42 25
14 44 78
74 45 63
13 64 32
91 79 65
79 43 28
7 19 39
83 31 34
14 40 100
92 86 76
84 33 66
82 63 24
18 39 80
74 44 34
96 65 99
58 54 64
56 26 57
80 58 84
93 39 51
37 64 5
57 69 22
45 99 78
21 96 15
28 19 53
26 32 6
31 96 53
50 20 6
61 57 39
31 9 67
86 6 61
17 94 30
23 9 67
63 78 41
47 33 47
93 80 8
43 70 67
95 8 20
13 27 75
48 80 15
23 72 53
28 37 70
10 75 63
3 63 36
39 97 3
100 24 35
1 83 88
45 40 75
91 48 5
16 23 79
76 5 97
49 30 37
84 59 49
95 93 95
9 56 87
11 72 38
60 11 6
83 62 1
55 68 13
64 1 16
1 28 22
25 48 14
79 33 89
64 60 95
92 43 29
96 48 97
12 93 71
9 17 72
97 16 87
87 34 61
17 46 66
77 26 83
40 82 89
40 22 85
74 97 77
51 70 28
25 41 62
12 97 44
63 89 89
32 48 63
64 26 61
85 92 13
53 64 93
37 100 93
15 86 48
35 40 68
70 64 90
21 55 52
29 77 8
83 90 31
23 68 13
84 37 2
93 47 82
79 62 88
56 81 34
63 65 80
92 26 91
48 35 47
37 55 28
99 80 34
56 19 52
42 49 58
73 37 20
13 86 33
67 91 73
100 12 92
21 13 30
48 54 27
84 46 88
23 98 59
99 78 84
74 5 18
90 61 57
94 72 14
96 24 46
45 47 66
78 5 17
9 82 95
83 6 98
65 22 84
2 33 65
71 77 74
48 83 90
32 60 56
92 21 61
10 13 71
38 22 95
82 5 92
47 90 7
61 16 30
66 96 81
68 73 48
62 57 17
53 1 65
16 88 13
16 80 26
32 4 10
69 43 91
83 26 30
13 16 7
34 12 97
89 22 20
29 74 1
37 71 81
41 24 11
6 56 70
73 49 93
64 78 83
6 32 73
92 31 98
30 90 96
51 21 62
34 82 88
97 74 40
10 69 88
18 35 66
58 31 49
30 66 53
100 12 72
26 35 57
41 74 75
36 98 86
66 48 1
77 41 29
59 1 18
75 70 47
38 99 70
94 91 57
7 56 70
52 69 11
40 61 89
36 54 6
56 51 27
41 63 74
89 38 77
20 81 19
33 2 77
39 79 33
96 50 26
64 17 10
70 44 20
5 23 85
91 79 66
61 36 55
15 49 64
75 81 44
100 75 23
7 68 16
92 11 71
26 13 95
1 43 30
41 20 8
22 12 21
37 89 36
42 17 42
61 7 45
74 59 65
41 80 3
63 83 50
40 8 51
44 25 11
31 4 39
71 26 87
51 58 62
88 48 16
16 71 55
32 76 52
40 31 57
25 22 50
51 62 56
100 24 73
67 57 86
38 84 37
55 86 66
72 51 75
5 94 83
87 50 36
75 31 19
39 73 62
51 53 82
13 3 22
62 58 24
31 24 36
45 79 40
70 26 40
92 10 23
65 6 50
10 74 88
79 72 4
67 31 95
48 10 25
45 26 11
83 41 51
48 8 71
12 92 60
86 98 49
77 22 16
57 55 69
8 45 29
59 51 54
23 29 82
88 76 62
53 30 57
42 64 87
95 88 69
3 51 79
30 73 97
14 16 33
96 56 5
3 19 96
55 46 43
98 81 20
93 34 87
55 12 26
50 81 74
70 41 1
88 13 100
45 16 15
96 57 30
98 60 82
63 75 36
56 78 93
19 93 64
29 35 51
68 13 68
86 84 43
69 23 99
11 60 77
36 49 49
65 80 80
27 41 56
52 59 55
86 39 2
65 82 96
9 68 52
80 23 21
33 1 64
92 8 77
30 33 80
29 86 82
60 5 16
17 70 3
83 19 64
15 84 2
81 17 78
13 9 55
64 43 85
14 38 8
62 96 38
36 80 21
39 82 66
35 49 71
5 44 72
76 55 14
42 65 99
61 65 51
75 97 41
52 72 56
16 48 26
48 3 36
68 46 21
63 60 62
36 20 53
15 11 3
73 59 28
41 34 28
66 40 9
47 11 72
83 61 29
71 91 80
47 79 24
12 63 25
100 39 10
27 35 68
60 15 19
39 82 36
12 79 38
95 8 44
54 82 32
55 22 89
66 77 84
6 37 24
21 78 26
61 23 14
34 95 77
1 76 18
24 56 80
80 64 64
99 28 74
4 1 9
30 42 63
42 99 48
29 32 64
60 100 13
71 99 25
36 1 19
82 43 62
94 15 72
21 12 27
61 11 92
65 39 21
87 78 24
13 47 66
21 76 70
20 95 2
84 42 28
69 63 82
2 19 30
19 64 72
49 80 13
9 39 40
100 100 99
66 66 56
25 15 16
31 21 74
14 71 33
72 9 99
60 67 64
81 44 58
26 97 17
98 36 68
76 66 94
34 63 4
37 17 87
20 75 8
92 48 3
88 16 60
32 83 35
39 57 58
75 14 87
9 32 64
7 15 1
4 72 100
57 55 84
16 61 74
35 96 35
32 29 39
47 80 54
15 34 55
16 84 52
1 68 3
68 94 81
72 24 20
82 77 67
64 88 21
74 3 9
5 94 70
80 6 31
78 77 2
7 62 30
57 75 18
15 100 19
54 95 5
14 4 40
89 24 63
69 95 28
73 83 83
41 24 49
75 96 69
10 89 62
93 74 78
60 61 78
55 81 18
68 7 27
95 74 81
53 99 42
72 33 34
59 52 41
16 44 80
62 56 98
38 81 68
1 95 82
11 83 33
60 11 93
63 34 57
100 36 68
77 47 59
26 96 100
31 54 38
92 35 69
62 59 13
2 54 50
8 99 42
52 77 38
40 42 7
85 14 66
43 95 25
61 31 74
34 81 25
90 59 70
61 36 76
87 53 44
24 30 73
53 52 68
15 66 62
2 100 94
74 88 93
41 26 80
65 15 85
76 76 43
59 38 38
28 15 68
22 100 26
8 38 5
11 30 96
88 45 29
2 6 29
90 78 75
61 95 26
83 27 100
60 72 58
30 66 45
4 24 52
4 55 73
79 70 93
20 59 5
44 81 40
13 28 100
27 76 34
90 68 87
85 68 36
73 35 77
36 82 65
41 41 18
40 20 95
66 6 41
52 36 48
19 76 18
74 94 83
24 4 71
4 55 88
22 76 90
59 57 22
9 80 1
94 42 21
42 68 43
12 68 16
49 33 37
89 22 63
36 71 79
84 67 54
26 79 77
20 64 65
34 83 8
56 35 1
94 41 50
96 74 20
95 23 89
18 11 42
97 95 34
14 86 26
40 78 46
94 29 5
34 15 5
22 100 61
82 17 24
45 49 53
55 87 17
31 94 56
20 61 39
46 36 81
64 41 30
100 65 97
21 55 9
94 37 29
28 44 28
11 19 37
91 53 33
100 14 51
94 59 57
56 8 45
34 82 41
30 68 47
4 24 11
5 52 57
43 2 50
75 88 50
27 24 43
5 1 18
78 60 85
62 33 8
31 98 9
60 14 41
47 93 50
76 6 99
42 74 3
74 24 52
22 50 57
43 17 17
39 7 45
44 17 22
41 34 61
83 95 8
42 25 38
9 85 44
86 54 86
34 44 17
91 34 93
32 32 74
23 85 3
75 3 86
48 51 56
80 2 15
33 44 81
43 22 66
95 7 19
97 53 32
43 83 91
61 27 68
96 64 94
33 69 32
64 79 29
100 47 35
22 42 80
28 3 50
15 13 45
35 49 84
25 73 35
48 36 29
35 100 14
62 12 53
16 84 24
26 9 62
26 79 37
84 14 99
89 44 4
39 59 3
16 80 21
9 25 68
65 30 97
46 8 51
21 33 30
81 19 80
79 21 56
47 42 13
56 85 70
31 89 6
57 100 20
20 13 40
28 7 51
12 77 26
12 92 36
28 81 9
73 68 39
36 45 85
14 66 23
79 94 55
83 31 22
76 5 89
94 1 100
69 54 60
35 23 6
21 50 80
73 19 50
94 97 20
50 8 97
17 49 16
85 17 2
46 63 65
83 26 23
12 47 53
6 65 3
21 56 98
70 31 92
63 94 43
93 80 79
3 70 100
52 49 72
33 29 27
52 89 94
48 68 15
87 65 51
46 45 81
92 78 57
86 76 81
21 94 100
42 27 56
95 38 6
1 26 79
68 25 61
10 39 10
42 24 20
87 24 54
53 70 98
10 2 10
34 66 39
52 1 52
86 97 98
63 1 72
3 94 16
62 85 99
60 12 76
56 27 84
78 14 31
5 36 17
94 25 70
89 100 32
65 62 29
75 84 8
32 83 52
15 77 73
98 4 30
59 26 74
95 88 1
67 83 93
20 68 45
60 80 69
1 55 62
41 8 62
73 79 54
57 28 13
86 65 90
86 13 18
92 87 97
88 28 42
9 82 93
15 78 31
48 40 24
11 50 53
38 82 84
58 29 50
63 61 44
32 18 3
65 17 3
79 97 34
45 17 37
57 91 70
33 74 37
5 34 71
9 46 52
3 35 19
32 15 61
11 98 20
9 73 99
57 57 1
85 6 42
82 40 45
15 8 63
28 32 45
8 20 17
19 25 85
80 44 98
72 75 95
77 2 85
11 17 94
5 10 68
58 56 84
36 75 96
10 56 47
29 74 72
92 96 21
18 12 84
92 45 88
24 88 52
78 44 21
37 3 52
6 76 45
59 51 54
90 42 15
63 22 39
93 23 79
53 51 14
48 66 67
12 51 97
50 12 92
59 51 81
64 44 76
14 99 42
39 6 18
69 88 72
36 72 27
10 20 77
22 6 20
92 50 35
25 80 23
88 52 38
41 34 5
92 17 53
43 35 25
21 92 86
29 56 83
34 19 39
47 78 90
22 26 72
15 41 47
87 57 49
74 92 8
37 99 76
84 53 39
32 84 5
19 56 41
83 97 70
73 56 93
58 90 17
20 23 20
88 37 97
45 23 2
23 54 64
94 77 71
68 65 58
59 4 16
43 73 8
19 63 37
79 97 48
44 39 11
81 72 99
54 11 34
12 71 73
21 37 4
98 48 95
10 64 80
84 42 60
77 12 69
75 32 86
95 25 13
33 24 17
79 54 54
3 1 71
47 83 20
59 48 71
91 5 22
92 6 82
33 10 68
74 95 36
32 31 92
24 32 90
81 77 73
41 29 55
42 74 92
8 95 97
15 76 21
63 25 68
69 15 54
81 59 3
89 51 83
72 23 1
39 47 19
39 58 44
97 22 44
62 84 70
34 41 71
70 82 28
95 29 10
1 24 73
62 90 71
88 79 80
89 56 79
48 74 40
43 39 67
29 56 70
33 39 33
49 60 88
30 49 56
27 87 2
40 95 37
76 1 19
74 58 53
54 63 20
2 83 46
54 69 63
42 78 20
52 85 11
97 54 8
81 36 42
2 69 65
38 67 92
46 75 100
96 40 38
84 56 14
22 85 5
50 92 49
3 85 37
61 70 82
65 33 62
31 53 38
69 39 10
4 55 36
85 11 17
93 32 62
71 100 95
23 61 39
20 34 57
68 49 12
2 79 36
24 96 100
13 15 64
99 56 13
97 21 25
8 89 64
100 84 34
14 15 76
88 31 28
85 51 73
14 28 2
77 7 35
52 45 2
1 1 32
30 38 45
11 11 28
100 30 95
11 28 46
62 24 11
70 47 13
6 60 98
45 28 68
78 75 74
36 28 8
75 59 70
31 35 76
51 94 69
42 92 51
22 70 96
48 74 29
13 75 25
85 30 29
3 47 50
55 45 79
30 29 56
51 20 51
28 25 80
57 14 89
79 91 83
60 4 10
89 75 75
7 65 55
82 93 27
42 82 49
21 96 66
59 27 61
22 55 60
46 23 43
38 46 57
88 44 90
79 100 9
29 52 56
61 28 77
62 100 6
14 34 75
36 98 17
80 52 6
47 30 79
76 84 5
17 89 30
68 53 33
61 32 62
64 31 58
34 52 47
34 94 66
5 47 87
66 1 90
92 24 34
55 84 15
46 63 7
91 92 100
17 82 49
71 47 15
7 100 39
75 28 9
2 91 71
8 93 80
86 47 90
70 93 82
9 83 23
56 75 52
83 39 90
25 4 23
79 46 58
25 85 42
49 45 91
40 56 87
10 6 57
46 89 78
32 19 54
97 45 44
86 82 70
42 80 96
78 26 62
20 57 56
13 69 70
66 64 62
48 3 50
58 32 47
21 15 14
56 22 41
62 47 31
83 99 29
62 5 100
38 21 1
87 55 19
15 76 56
94 51 58
17 48 78
41 6 55
41 88 54
23 11 9
69 54 51
92 91 94
93 61 61
7 77 86
78 43 97
93 23 92
69 54 88
6 54 70
3 54 37
25 68 59
19 14 74
32 8 89
96 78 43
36 57 56
33 87 42
37 91 75
75 31 32
30 45 18
100 17 54
47 10 54
63 79 84
17 50 88
68 27 93
84 57 75
76 73 48
2 31 17
25 77 52
18 6 76
67 46 46
17 75 25
16 7 78
100 87 75
34 31 10
98 58 10
65 85 84
14 50 94
28 6 91
71 67 97
33 13 71
84 21 82
6 81 60
80 71 44
20 59 8
36 59 58
54 9 68
11 43 69
28 8 86
90 80 25
10 85 56
100 68 89
25 13 19
70 16 72
66 4 79
8 21 19
69 6 22
6 70 35
87 73 41
75 56 72
69 39 42
9 27 66
35 89 50
44 62 92
58 68 96
24 11 28
29 77 58
63 33 63
18 11 59
63 61 68
31 3 66
2 27 85
15 27 72
36 87 17
100 28 94
95 16 100
77 78 45
37 93 28
32 65 66
65 94 29
12 7 78
96 86 80
90 14 39
6 6 94
37 35 35
13 26 98
95 91 37
11 31 16
83 90 38
75 60 39
2 59 63
95 90 71
19 99 1
52 11 52
29 59 16
18 80 44
84 73 9
31 55 57
88 89 79
93 32 27
69 96 58
63 93 62
30 89 27
58 22 38
59 65 62
83 36 2
51 8 27
95 65 15
51 5 37
72 65 73
1 36 96
65 42 12
7 81 95
96 43 13
95 24 92
52 21 69
53 3 17
93 76 74
84 38 48
32 52 62
65 57 34
77 11 52
25 31 11
59 68 37
39 17 97
54 1 14
97 23 46
62 84 28
5 79 5
53 67 73
23 87 44
74 54 16
16 47 21
86 11 82
86 63 2
24 61 25
18 91 54
71 48 85
65 52 72
17 4 25
44 92 96
21 73 15
10 91 8
80 73 57
50 83 16
52 78 88
37 13 44
98 78 47
55 62 37
66 49 66
43 80 7
97 65 2
80 73 18
76 51 89
53 94 65
97 67 35
21 43 27
41 82 32
90 25 55
96 98 5
46 54 3
59 52 57
52 14 78
40 85 29
48 85 9
44 14 1
35 27 16
71 18 93
8 84 77
42 67 99
54 45 49
31 30 46
18 2 55
84 21 3
55 7 81
60 69 76
87 99 23
26 54 39
81 77 30
16 68 62
17 51 43
43 73 23
64 69 14
86 49 80
88 67 93
10 88 26
85 48 59
58 39 54
25 88 70
38 85 61
2 5 59
69 15 46
47 43 45
64 48 83
33 79 92
88 51 58
78 16 93
64 71 31
40 16 67
92 83 16
44 2 8
67 29 7
76 39 61
50 91 19
43 39 37
84 75 61
12 23 10
29 65 15
38 26 82
9 97 16
34 50 27
21 57 56
29 55 44
13 9 9
97 69 81
62 80 63
75 72 16
64 74 92
65 85 20
58 68 51
23 41 82
40 95 23
63 39 97
8 77 25
11 28 29
84 12 58
41 45 31
18 37 75
40 7 9
19 41 64
67 99 57
30 3 90
99 40 98
66 39 50
61 65 1
18 67 10
97 80 58
70 44 78
4 47 93
61 33 56
70 44 62
85 94 31
96 70 3
95 83 84
80 9 7
84 13 48
88 93 20
49 26 52
40 14 83
79 45 91
38 36 22
53 42 12
11 12 35
53 59 17
62 44 39
73 18 19
46 65 88
47 76 36
93 66 6
6 98 56
36 95 66
64 53 28
2 54 72
73 15 69
12 97 66
43 23 7
28 68 44
7 50 81
99 88 55
69 42 80
100 39 61
87 18 3
80 72 91
2 33 7
28 93 21
48 7 49
23 13 84
87 64 84
2 11 31
51 88 59
57 74 38
2 81 37
62 70 90
75 80 87
97 21 90
42 26 66
26 31 16
37 66 59
89 4 21
61 9 85
84 68 30
80 84 86
64 23 59
64 87 15
10 51 85
70 65 15
12 82 55
51 90 82
98 12 55
72 75 75
40 80 74
94 65 87
40 79 10
12 83 86
23 72 80
68 10 48
17 72 6
38 77 26
72 68 51
95 47 72
59 1 78
14 56 63
2 51 21
65 94 32
39 10 55
83 55 35
77 86 98
34 20 67
17 51 12
19 31 47
19 20 74
50 5 61
61 31 34
60 97 64
74 8 44
39 46 20
55 61 41
61 12 1
82 76 30
32 92 44
53 33 93
63 47 64
58 43 14
17 24 17
32 35 80
78 100 95
44 87 67
16 24 55
79 91 61
35 57 88
85 17 17
71 17 2
51 14 61
35 49 77
76 47 75
68 41 52
21 70 57
35 67 97
92 46 7
74 28 41
89 54 19
36 3 84
57 93 49
15 97 97
11 56 7
98 38 78
88 65 65
48 46 57
28 23 14
24 20 38
63 69 43
24 65 72
35 78 51
79 6 100
52 33 60
82 84 57
36 56 95
93 18 38
62 24 94
28 53 99
54 66 50
80 42 24
93 17 45
1 55 5
65 86 24
16 60 41
47 93 22
27 40 28
62 76 21
70 12 75
52 98 94
18 58 22
83 76 89
67 17 29
19 18 95
87 74 24
31 95 44
45 63 84
4 82 39
88 56 16
7 47 54
21 42 91
30 86 17
6 62 39
92 95 97
87 51 12
85 79 22
68 76 31
71 49 67
71 56 40
54 45 78
86 4 13
19 88 86
53 1 31
43 43 64
71 8 64
58 69 19
64 59 38
78 56 47
79 48 84
44 72 39
7 29 50
58 96 37
90 43 7
51 47 74
29 90 95
44 16 56
62 62 3
63 8 26
63 83 58
16 4 93
83 68 27
82 65 56
52 89 19
60 19 58
42 57 80
10 46 22
49 60 22
95 76 79
43 25 98
58 10 4
91 94 1
39 60 58
89 45 20
17 42 77
70 74 60
65 95 68
45 37 48
10 51 86
36 85 81
14 42 53
50 77 69
26 95 6
23 4 39
90 100 78
41 99 84
88 84 46
21 29 98
13 68 43
44 51 25
26 38 17
50 88 48
6 98 67
36 1 92
90 63 23
68 81 12
16 36 100
44 11 47
67 68 86
83 95 60
17 25 55
81 62 51
21 19 54
22 76 93
22 59 84
85 68 44
52 27 70
95 5 14
78 82 19
64 17 78
45 48 65
71 46 62
82 21 47
50 8 98
97 17 23
35 15 41
29 80 65
83 53 85
92 96 1
75 2 70
13 32 6
57 47 43
97 62 76
44 92 46
29 44 66
28 79 32
14 31 81
41 46 4
99 65 60
100 49 17
82 88 26
98 13 85
91 21 78
88 44 19
52 100 53
82 7 83
79 48 26
78 85 10
33 89 82
92 73 56
69 44 32
52 77 60
39 41 4
26 15 92
38 47 40
46 99 31
84 41 21
97 15 100
61 95 96
14 77 61
65 14 15
80 85 50
45 25 15
97 32 4
34 99 51
99 72 21
80 59 17
67 79 15
84 67 13
92 9 67
89 2 61
87 37 53
3 100 86
82 38 57
69 73 97
25 42 36
63 37 77
35 30 84
53 96 93
45 96 5
43 49 48
77 96 83
96 27 16
97 20 67
75 21 7
99 75 40
8 54 53
86 64 29
15 53 65
70 95 76
59 50 41
64 24 70
68 62 12
51 26 30
44 71 51
97 60 72
19 14 83
16 11 56
93 27 92
56 25 22
94 73 78
68 93 99
1 38 73
55 40 60
19 97 53
27 93 84
98 87 95
79 65 31
97 51 34
28 77 28
48 23 9
72 41 2
18 66 13
9 44 100
22 69 98
82 51 79
50 40 79
13 78 62
13 59 70
58 21 67
38 2 38
18 89 93
96 91 100
90 70 7
92 28 92
40 70 64
83 18 25
51 93 56
32 67 36
55 99 7
3 75 71
32 76 58
25 48 6
97 46 82
11 15 18
34 27 17
17 11 63
77 23 90
20 30 100
71 45 8
59 48 60
97 12 74
17 13 42
73 88 28
38 74 13
6 38 40
83 14 50
8 21 20
72 18 2
17 76 33
56 10 3
71 59 2
58 83 1
45 55 4
34 30 51
43 78 87
59 32 79
84 16 94
69 50 7
37 37 63
27 6 41
56 90 70
34 75 39
95 77 6
33 60 28
20 69 92
76 39 29
67 32 48
81 49 81
16 24 32
42 95 9
21 81 47
17 70 63
66 48 39
20 2 7
3 85 11
28 66 62
66 81 25
18 69 60
50 75 14
5 11 21
10 86 70
42 67 39
99 99 45
5 54 30
70 46 15
3 2 44
28 1 68
15 98 5
31 81 4
19 75 95
42 62 22
30 58 71
95 45 61
66 51 99
4 15 81
77 86 28
65 65 74
60 96 54
14 45 94
48 20 59
76 12 25
56 8 41
52 29 72
34 12 11
5 96 54
68 9 17
54 64 64
79 5 71
30 95 5
45 90 81
49 37 20
24 71 5
41 23 65
54 30 79
32 43 65
94 76 16
63 58 96
93 7 70
37 62 80
57 67 50
67 43 64
88 28 34
62 75 76
56 68 85
76 4 57
67 88 35
12 51 47
47 4 37
34 46 12
34 52 89
40 52 62
40 4 12
80 39 24
62 29 12
45 42 63
96 50 24
7 52 12
21 68 100
22 6 30
15 64 38
11 82 3
59 26 99
17 30 52
98 75 64
8 63 33
62 26 31
41 97 21
2 88 71
99 74 86
94 30 21
25 26 44
73 30 39
31 48 12
25 79 40
85 63 33
93 83 24
95 82 88
4 50 47
63 40 63
1 92 45
10 96 78
19 12 61
15 31 65
100 56 5
10 4 11
16 53 47
36 88 91
37 80 23
70 57 73
44 37 64
83 85 98
53 59 23
79 39 99
36 28 25
42 95 20
31 58 47
14 79 47
46 73 59
2 4 25
35 7 32
65 43 41
100 94 2
21 44 96
34 74 94
60 80 36
81 87 97
88 16 22
46 80 55
55 53 72
35 72 72
80 27 99
4 40 99
42 72 67
38 80 3
93 77 2
21 57 49
52 85 82
26 100 44
60 38 18
74 75 46
33 90 5
65 10 48
42 70 11
87 10 83
63 62 90
56 64 40
83 35 66
51 35 95
40 2 34
87 69 31
51 19 14
84 57 11
59 17 25
13 47 48
61 89 56
82 73 24
28 13 86
37 67 84
53 49 14
50 43 67
62 3 24
55 2 73
28 47 85
99 86 75
68 77 72
43 96 59
24 9 73
24 46 77
28 64 99
57 51 45
2 72 30
43 42 6
37 51 63
19 73 42
45 13 29
23 88 38
19 78 14
27 15 82
56 6 48
86 12 70
1 60 47
36 92 74
12 48 19
37 61 3
31 68 94
95 34 19
64 17 92
95 31 38
27 21 28
97 64 18
10 6 66
21 39 47
50 9 48
80 84 31
43 45 30
8 81 93
80 91 76
24 100 33
26 33 43
62 9 4
52 17 87
43 33 46
74 16 21
87 44 60
21 13 28
71 83 12
70 11 21
49 89 27
67 41 57
81 9 74
3 53 95
55 13 98
58 33 54
98 56 85
30 58 89
10 88 44
10 96 33
92 43 3
47 19 40
98 74 54
75 67 94
88 10 23
14 22 1
28 33 64
52 11 48
62 48 48
60 25 11
73 86 45
36 23 45
94 68 48
38 12 27
43 71 47
13 98 11
37 90 61
51 31 45
56 59 6
41 14 35
64 13 94
28 58 90
71 19 51
78 93 77
62 44 56
10 28 56
35 48 73
54 50 43
41 31 84
79 64 63
16 98 79
28 48 61
99 40 21
57 99 56
78 35 37
79 96 14
90 18 59
13 7 24
81 53 93
97 44 24
53 3 2
48 14 46
19 35 67
66 12 44
84 68 14
56 41 30
25 39 10
43 45 58
55 63 100
62 39 71
88 2 1
22 76 33
35 65 30
75 15 69
35 56 81
90 91 60
6 63 45
6 90 41
94 58 49
73 94 21
64 15 39
17 44 53
58 94 60
81 14 5
19 87 56
56 50 87
69 51 88
12 10 38
8 42 53
23 48 89
58 2 39
43 13 9
18 75 12
82 24 48
30 30 31
78 58 92
24 35 61
77 62 19
18 63 64
58 71 44
53 44 78
2 60 55
76 5 10
68 63 46
27 8 34
16 27 65
33 21 73
90 98 1
97 83 3
18 64 47
52 92 20
16 41 57
8 77 65
19 25 4
69 17 70
89 52 11
74 32 96
70 83 23
89 53 45
64 63 66
34 30 7
12 73 19
99 22 93
51 91 49
99 99 47
44 68 17
17 21 73
87 45 51
14 87 50
75 46 75
25 4 37
34 72 57
76 43 76
17 25 13
59 85 11
9 5 2
9 2 52
97 36 22
79 9 97
85 92 41
67 54 97
83 69 53
12 13 40
2 76 10
8 13 72
97 79 83
7 63 86
88 10 83
51 2 30
43 72 6
19 89 90
47 14 84
43 52 23
89 94 55
74 38 16
97 39 54
81 20 18
44 74 20
70 2 97
37 54 46
27 86 40
60 33 1
82 85 14
7 4 65
98 47 20
17 7 17
35 24 98
32 72 52
81 38 94
92 32 33
67 65 10
29 91 14
29 31 84
5 54 5
63 85 8
24 73 81
44 87 6
15 22 47
66 19 95
74 22 35
22 97 61
56 6 82
19 39 93
52 4 25
88 95 18
37 95 67
37 13 20
5 64 55
48 77 41
30 53 35
95 20 68
89 4 68
74 2 69
99 31 5
78 88 46
57 82 32
60 9 92
46 26 87
10 76 41
78 15 44
58 90 56
83 57 58
64 1 7
28 48 26
41 87 30
83 3 62
2 40 51
93 22 30
98 74 55
38 5 31
82 98 66
79 38 80
59 50 89
93 51 49
85 75 68
55 56 48
24 3 83
83 72 91
40 97 88
26 4 76
96 98 92
67 21 97
73 99 8
19 91 14
52 69 59
12 92 76
92 22 38
11 56 31
15 7 96
89 8 11
25 72 70
57 99 56
72 33 32
40 69 3
34 12 53
27 95 43
68 21 74
94 46 47
38 30 7
89 51 61
67 16 65
4 50 19
53 28 62
42 3 99
57 96 46
82 63 64
100 70 49
92 86 67
76 43 92
81 1 18
29 66 68
62 85 70
86 64 44
91 15 77
92 8 18
1 63 68
57 92 83
3 75 97
96 18 82
43 60 17
21 68 26
38 100 1
12 36 40
64 6 14
12 34 52
82 70 10
70 39 55
2 27 91
70 2 32
22 2 98
58 8 43
89 50 89
42 84 26
63 4 80
61 80 76
77 97 27
70 32 97
26 61 39
69 18 26
40 50 11
3 93 59
91 54 48
78 70 69
44 57 63
52 78 20
50 75 25
51 53 82
85 77 86
40 59 41
52 38 100
34 70 73
31 14 9
35 17 40
85 60 40
18 76 18
40 34 91
34 3 5
86 58 95
79 94 10
45 34 69
32 53 4
94 65 77
12 80 58
8 5 22
48 9 56
18 11 89
9 79 95
74 36 60
81 5 5
62 18 26
56 33 74
23 77 40
86 11 41
27 19 46
18 47 47
31 20 17
59 89 96
63 4 71
19 84 89
43 44 59
61 30 16
96 40 6
63 51 80
20 88 81
54 93 17
37 60 10
25 72 86
40 63 30
93 18 63
50 76 97
53 28 97
4 54 53
72 62 59
59 67 30
86 8 6
23 68 62
56 13 53
77 11 27
97 81 28
94 28 18
46 43 14
13 89 25
53 70 80
60 14 77
16 42 34
98 88 39
21 33 89
72 68 86
52 24 24
19 15 100
16 32 45
5 73 23
49 5 34
17 85 2
6 48 78
83 40 85
20 81 38
3 29 1
75 41 79
93 7 40
69 48 6
23 79 88
28 34 30
59 96 24
3 6 40
1 5 55
81 15 74
93 85 83
35 62 21
40 24 45
78 81 39
17 52 97
85 51 81
13 27 12
84 29 90
59 45 59
74 43 73
69 14 71
100 21 100
68 51 64
65 96 93
85 87 40
74 89 67
26 34 76
12 56 93
29 57 13
3 2 4
82 11 11
55 28 89
90 79 66
57 45 36
30 60 25
47 29 21
18 37 89
65 35 73
62 68 100
98 88 80
35 75 69
28 5 34
23 22 26
84 13 38
55 78 11
47 52 15
60 73 69
86 56 85
67 23 39
72 66 99
93 26 53
35 44 32
3 35 79
70 91 23
93 94 14
11 4 70
66 17 24
5 95 52
75 33 8
21 86 14
3 97 54
91 25 65
10 29 40
53 2 48
95 57 1
78 34 39
39 1 40
43 61 53
70 5 83
3 53 63
56 37 79
39 69 45
18 28 84
58 34 18
87 98 14
85 42 38
87 5 38
56 13 12
49 47 63
93 67 90
58 86 57
22 97 75
65 38 24
32 78 1
100 16 39
55 83 63
44 69 89
95 84 63
66 32 2
72 94 70
86 49 40
93 13 92
55 39 82
33 64 22
43 38 45
56 8 86
42 51 70
60 75 3
97 50 82
92 12 66
31 42 58
6 58 80
63 40 8
100 60 93
62 36 36
58 78 46
68 97 52
30 61 74
95 10 25
70 65 79
92 1 2
82 43 72
20 3 68
10 67 25
7 60 96
92 60 89
40 61 33
7 56 55
77 8 75
99 9 33
40 89 38
24 62 6
99 75 67
83 23 89
33 68 20
9 4 86
45 46 49
67 33 48
59 38 53
21 68 60
31 44 83
31 58 60
25 54 27
47 58 47
94 69 74
59 61 48
82 77 9
97 26 38
71 72 24
4 66 74
78 55 41
39 16 40
79 57 30
2 60 12
58 79 38
7 39 99
84 16 89
72 28 47
79 82 96
11 63 24
72 30 2
93 6 71
33 48 18
97 52 5
65 42 22
32 94 59
46 84 84
11 13 18
84 92 12
65 98 13
9 30 42
22 5 61
90 98 14
31 63 11
76 48 86
21 74 60
92 64 44
70 89 96
39 72 82
67 4 26
66 38 77
15 73 54
78 1 13
29 74 90
73 37 27
59 91 49
91 21 93
95 72 56
60 27 62
80 61 13
13 4 53
94 52 45
49 73 52
15 87 17
81 16 17
55 47 25
72 82 77
31 56 23
40 79 99
80 18 57
27 49 82
12 94 25
69 10 69
15 55 48
21 96 40
41 54 98
1 48 97
60 34 4
26 37 23
83 40 59
60 51 65
60 34 6
25 79 84
58 94 69
91 64 17
92 22 77
50 98 69
78 43 95
92 38 35
76 60 52
77 100 40
75 43 77
31 9 10
40 70 43
92 75 91
27 85 55
40 33 38
14 7 44
9 75 27
33 54 33
89 69 36
51 88 48
88 85 47
91 77 100
46 19 58
36 44 4
88 23 25
20 97 70
62 62 19
76 74 55
88 91 60
92 92 68
75 34 89
91 63 78
55 59 61
85 33 52
51 8 66
66 73 90
81 15 40
39 49 66
1 98 29
67 51 35
61 19 74
86 93 68
91 87 94
6 30 54
100 52 10
51 32 94
53 16 75
9 96 68
99 42 69
25 96 64
64 47 56
100 43 6
69 51 55
1 96 55
49 88 80
60 70 17
100 10 88
85 82 87
57 46 97
98 97 52
34 79 60
31 3 27
1 100 61
81 91 34
84 63 3
77 89 63
63 66 100
65 54 61
56 22 25
94 20 75
18 32 67
92 83 49
72 76 5
84 21 74
87 60 70
15 87 97
75 50 21
69 86 25
36 97 22
81 74 7
78 10 39
16 26 82
25 35 38
4 46 64
12 45 15
40 62 21
98 18 33
12 4 35
80 25 14
3 43 5
13 99 57
33 92 20
16 1 26
94 81 73
21 10 62
26 7 90
85 6 23
86 80 26
64 8 29
33 99 45
89 29 46
20 4 33
50 64 93
54 65 98
77 40 5
69 29 14
26 61 21
43 3 40
83 15 81
96 38 64
55 23 77
66 1 36
51 39 12
77 64 97
40 62 86
17 66 22
55 33 90
67 32 22
36 92 11
68 30 30
1 96 18
31 34 91
50 67 18
85 14 14
30 41 29
52 65 33
1 11 5
6 21 98
85 89 69
3 92 48
69 23 31
44 49 75
25 77 61
95 50 13
69 39 27
19 6 26
36 82 13
34 26 6
68 7 16
10 71 68
81 64 100
87 9 20
96 90 90
48 74 22
30 53 17
85 66 18
69 41 37
6 95 63
95 68 96
30 61 31
40 55 96
24 16 86
94 56 62
17 72 71
20 57 45
47 13 51
36 59 44
84 67 67
78 24 48
69 31 66
44 46 48
97 54 7
17 36 90
84 59 6
36 18 73
4 25 37
69 57 73
61 33 57
6 78 14
79 80 24
14 96 66
57 74 20
42 9 100
16 25 4
67 59 30
66 63 15
49 5 45
79 20 93
41 6 6
32 80 39
92 6 69
68 26 6
66 67 62
11 83 75
99 68 19
96 97 75
52 57 73
38 34 18
58 46 16
88 87 63
32 85 52
74 48 62
3 55 45
67 43 29
43 69 85
96 79 15
62 44 18
44 6 19
44 69 42
77 34 39
98 77 56
39 43 73
94 30 83
43 90 66
92 26 47
62 25 68
74 38 89
41 86 26
82 74 30
36 46 41
78 31 54
17 30 71
50 58 73
59 17 53
6 10 90
7 45 89
81 100 100
40 5 39
28 96 27
18 72 24
47 7 54
23 27 22
94 9 61
18 23 11
90 83 36
30 69 79
36 76 52
32 42 45
35 86 16
61 100 14
67 80 12
70 77 12
5 94 55
95 15 36
82 40 88
28 100 75
24 46 27
93 18 8
7 46 19
53 30 14
57 48 78
76 35 31
82 70 68
12 25 99
73 9 20
70 49 48
75 59 72
70 56 4
60 16 27
62 36 81
18 84 18
3 33 76
25 42 91
33 32 35
89 4 15
81 6 35
15 55 100
5 77 96
89 43 16
25 35 73
99 65 84
85 59 83
81 9 85
42 82 20
42 53 38
22 24 43
93 37 96
60 91 41
46 31 51
48 55 81
42 4 68
30 59 93
41 20 17
54 57 35
92 12 60
53 52 70
57 67 3
37 47 1
57 56 16
57 27 21
38 41 97
22 38 67
89 26 10
14 46 47
46 59 73
78 32 11
92 79 30
87 65 87
73 89 26
97 83 50
39 72 44
77 43 95
78 9 36
26 8 41
51 65 7
7 5 7
1 30 37
25 46 4
47 39 68
16 100 88
58 59 8
29 85 66
29 51 12
100 82 78
30 25 100
47 34 93
84 94 15
16 96 65
54 64 60
44 93 46
46 77 18
55 78 70
97 34 78
19 95 59
77 26 52
6 14 61
32 93 26
21 14 88
88 25 81
51 50 71
17 19 65
21 42 67
28 73 97
63 86 94
24 66 74
5 22 24
69 63 8
70 11 50
63 34 14
28 97 32
36 40 87
35 59 31
84 19 48
15 35 91
38 96 10
94 37 81
85 63 3
46 95 97
27 59 76
58 9 67
19 8 33
39 55 38
76 63 26
18 57 48
61 12 25
17 66 46
34 16 47
43 26 77
89 1 85
32 35 52
9 43 38
78 43 24
1 93 30
78 80 100
78 48 26
28 95 94
16 44 25
79 82 72
14 20 21
67 47 71
31 28 67
21 16 75
56 78 97
66 36 35
19 50 57
2 53 17
61 22 28
77 98 90
41 78 62
19 100 90
63 14 64
70 74 13
94 26 89
6 16 98
47 2 99
44 48 31
49 77 79
89 5 15
85 100 44
9 82 55
74 59 18
54 26 38
86 25 99
60 22 4
4 65 45
19 60 73
20 87 71
98 35 76
44 98 69
19 99 78
47 87 26
30 16 47
21 56 4
47 53 13
75 96 19
43 70 3
73 90 57
30 56 14
68 50 80
13 48 65
63 43 36
63 86 85
86 49 86
44 8 86
41 12 36
57 100 17
65 21 79
66 59 48
37 23 83
35 26 1
60 15 78
9 74 40
71 79 98
67 28 27
96 94 46
17 29 9
99 77 82
9 85 89
94 92 21
100 10 72
42 89 22
92 50 76
72 13 4
6 100 50
30 51 23
8 66 1
78 26 36
32 50 40
92 25 10
7 68 16
97 7 76
58 67 26
58 9 58
82 91 38
10 18 90
21 6 11
58 64 15
92 88 87
100 5 72
4 75 37
74 1 94
38 11 75
85 75 82
46 73 4
48 4 75
31 72 45
59 19 77
89 87 13
21 92 52
92 53 86
5 66 51
26 52 97
52 37 85
60 58 89
44 93 28
52 91 69
90 100 66
92 76 64
100 55 85
25 59 69
74 88 43
81 15 11
76 26 94
7 51 13
2 80 16
59 39 97
93 87 49
48 73 11
55 18 64
28 79 72
68 21 4
49 51 27
83 8 100
39 58 62
10 33 34
53 84 34
21 8 55
30 50 46
15 83 21
63 80 10
83 58 40
83 14 62
31 44 93
25 36 3
40 89 68
65 87 78
64 88 73
88 95 22
8 83 73
60 7 18
77 37 37
60 22 95
13 22 24
68 79 5
78 23 31
5 76 74
24 81 73
51 16 14
10 79 39
53 1 39
81 48 29
83 1 33
39 85 57
18 39 43
32 2 85
93 12 98
81 5 81
48 94 98
74 5 12
80 15 94
95 79 35
20 89 34
72 64 89
82 1 26
34 80 32
19 10 51
51 63 81
37 2 69
100 58 42
26 77 62
72 84 30
44 56 63
97 35 93
87 11 57
82 85 14
80 28 76
31 53 39
4 54 53
35 2 70
77 1 80
21 46 98
49 82 10
68 24 92
58 67 88
46 87 96
7 71 19
50 13 8
37 13 31
50 80 56
37 4 61
2 88 20
97 78 39
79 6 21
56 28 43
4 45 69
58 59 38
61 13 12
66 32 21
1 65 39
43 66 77
87 30 71
1 62 54
50 24 39
15 45 10
8 81 27
33 29 84
98 67 59
29 32 56
83 92 58
100 46 66
32 6 2
74 34 52
47 83 36
94 3 5
48 7 43
93 9 4
56 76 41
40 95 13
76 25 65
14 53 72
83 96 65
99 34 95
35 33 14
25 87 83
49 33 32
15 91 67
76 37 57
47 42 61
91 63 39
94 36 92
10 64 42
3 19 58
78 8 59
82 69 48
71 90 96
57 95 9
82 91 42
54 57 48
27 97 21
11 50 83
21 97 4
9 87 13
90 30 98
2 38 30
86 88 73
42 1 99
73 21 61
84 85 6
11 43 100
41 83 75
47 76 86
97 48 82
17 75 24
7 75 67
28 51 19
29 3 97
27 91 47
8 53 32
47 41 60
32 19 4
71 89 48
10 42 57
90 80 18
96 42 17
60 53 16
38 22 38
67 18 14
28 85 66
36 21 95
75 79 40
18 27 95
23 31 15
34 84 17
14 96 62
77 84 66
20 95 26
40 80 20
73 43 25
31 78 3
28 54 56
36 97 61
29 4 34
42 84 85
98 42 97
97 51 92
44 24 74
72 83 13
95 58 26
58 53 92
40 74 92
74 64 72
86 37 95
62 85 52
58 72 47
56 8 83
36 43 17
19 57 32
22 29 98
57 16 1
85 89 26
96 11 44
79 26 76
86 41 17
19 65 87
49 96 89
28 39 21
74 75 81
60 59 47
24 87 89
89 94 39
22 37 95
71 65 69
87 77 64
50 85 87
70 88 15
8 55 17
14 14 45
54 85 43
40 85 98
44 46 88
25 58 62
79 62 33
44 94 42
84 54 14
69 82 9
94 3 59
90 58 22
98 84 26
24 43 80
29 90 74
33 73 77
50 38 28
48 69 13
38 43 25
53 42 95
88 44 27
44 85 47
99 64 74
92 67 57
55 71 14
90 93 69
44 94 16
89 40 39
94 24 53
35 85 93
86 73 73
18 93 91
15 18 9
91 54 64
69 81 31
40 97 16
56 22 73
65 75 8
65 93 54
49 91 33
39 65 37
9 44 27
54 6 84
99 68 41
86 100 52
18 52 77
57 22 89
76 76 81
3 15 82
51 63 21
20 74 91
14 71 93
62 95 96
76 40 65
87 57 69
4 52 47
92 23 35
94 38 3
61 43 33
2 53 9
38 78 65
21 21 23
29 22 59
94 33 30
84 17 19
51 53 16
50 73 37
5 67 29
55 63 80
22 95 68
82 79 35
2 60 26
14 54 11
1 63 77
35 39 27
98 75 30
32 68 64
55 15 73
48 75 90
1 6 74
67 86 18
45 33 96
18 18 77
40 52 48
25 2 1
64 61 65
96 23 67
37 19 82
60 71 26
20 94 27
65 12 53
39 96 63
29 16 95
72 74 96
65 12 67
19 14 40
39 98 41
31 53 21
79 37 70
41 98 68
6 95 42
75 27 52
61 53 63
2 40 25
38 52 17
20 59 55
32 55 3
61 55 4
72 54 45
64 48 29
76 51 55
12 41 64
3 37 61
47 67 91
91 12 27
73 17 62
38 46 54
78 91 37
21 15 82
63 55 48
47 43 43
37 33 98
71 14 88
38 95 64
89 89 34
10 39 22
36 73 99
80 100 8
91 42 92
100 48 84
87 56 38
65 7 61
15 82 70
33 75 42
95 98 96
42 79 41
14 52 51
68 72 49
82 42 49
34 99 47
2 97 91
69 41 89
73 17 94
22 95 98
2 73 67
91 49 37
59 84 19
47 54 1
79 74 51
55 55 11
43 48 99
55 97 30
24 95 73
15 83 100
11 40 95
81 32 92
44 10 7
48 1 83
92 30 69
74 61 47
20 18 11
55 65 88
11 55 64
96 46 97
67 22 52
96 58 32
32 41 5
13 33 12
27 39 81
29 98 96
63 75 29
18 84 91
10 2 99
41 75 92
57 21 77
30 3 17
13 15 43
3 19 94
99 61 46
44 42 12
18 42 37
6 32 100
54 30 63
96 95 59
8 15 45
52 60 39
29 11 90
49 56 40
68 58 40
97 92 5
6 96 20
48 83 49
23 76 48
66 63 30
93 70 52
100 55 38
83 34 88
19 12 87
88 97 30
100 23 7
88 23 2
77 89 60
53 39 2
69 58 53
4 64 79
9 25 64
22 59 63
77 50 16
72 49 46
57 58 3
18 32 10
54 58 39
65 87 3
49 59 72
13 53 64
91 47 36
98 79 67
31 96 41
17 91 60
30 23 18
75 61 36
7 63 37
37 38 52
18 21 13
28 93 77
75 80 85
28 44 71
8 53 94
73 3 83
59 98 91
87 23 59
25 48 5
86 97 84
13 89 80
39 66 72
59 33 43
40 64 30
76 85 12
57 43 100
42 43 100
50 40 21
99 32 16
68 97 35
82 62 70
85 69 9
45 55 67
38 57 35
3 92 85
66 46 99
28 3 18
8 75 50
68 49 20
55 8 3
15 47 35
44 44 44
1 20 28
10 49 59
65 39 58
80 66 28
63 26 76
87 63 8
27 68 60
8 72 16
91 89 36
32 81 45
34 18 56
86 7 72
12 49 39
66 53 13
39 99 7
26 58 27
26 34 57
67 28 97
68 10 95
69 63 100
44 14 25
39 90 100
53 13 9
43 71 45
20 63 37
6 62 84
95 13 93
13 28 19
83 5 4
46 2 29
28 47 15
10 18 30
72 86 94
54 100 30
100 95 52
10 87 25
3 56 7
79 70 91
53 13 98
80 57 29
47 68 44
35 7 50
47 68 1
65 47 54
100 73 84
18 63 58
82 100 87
57 31 42
83 23 51
12 12 93
29 40 31
66 87 58
40 17 77
97 56 87
23 49 50
41 41 8
55 51 21
87 5 3
5 62 38
37 54 92
31 49 44
2 16 3
8 7 5
68 68 1
72 69 62
71 89 73
77 22 99
1 73 43
22 79 10
75 46 13
67 62 76
27 20 45
83 15 39
47 39 90
64 80 26
84 13 85
7 86 90
4 67 24
4 95 26
49 41 80
72 67 73
88 6 84
16 15 69
6 76 97
66 92 17
41 35 30
44 38 9
48 29 86
35 44 53
76 72 32
20 22 34
2 16 5
23 71 84
2 1 44
12 1 29
70 30 41
100 96 61
74 6 30
50 47 32
29 89 72
69 9 82
65 42 36
57 90 100
85 11 95
47 61 83
31 65 95
37 80 43
27 54 37
12 56 33
24 96 15
87 29 37
59 34 53
10 76 64
69 61 53
62 65 39
45 16 47
65 71 37
57 62 81
51 60 16
11 22 5
13 18 92
46 84 31
58 34 88
62 31 76
9 28 6
5 5 77
59 18 71
27 21 38
80 68 35
38 82 95
85 10 82
14 22 56
57 16 44
47 7 38
72 14 77
9 53 32
98 67 48
87 44 11
82 17 53
99 98 91
41 39 85
19 59 19
40 94 32
87 30 97
72 65 99
52 100 21
64 67 8
28 52 95
55 38 29
91 17 73
77 100 78
31 52 19
64 37 55
76 59 84
2 16 57
65 75 84
47 67 39
93 93 60
7 5 74
85 88 96
57 100 43
36 76 37
52 11 70
5 30 38
88 38 21
35 27 27
4 65 2
40 98 77
84 60 92
33 74 23
36 87 59
70 85 27
72 22 95
35 83 57
82 45 27
77 91 84
99 75 35
67 93 72
25 86 49
42 79 75
98 69 1
42 77 85
14 46 94
5 63 42
65 82 38
20 18 14
60 41 100
89 11 67
39 66 88
57 48 51
25 3 96
18 39 99
6 40 86
95 5 23
17 62 11
13 34 75
79 85 80
79 18 65
37 28 52
38 2 14
42 16 5
94 53 35
93 71 86
51 94 76
26 47 14
85 44 92
7 78 94
53 74 54
29 20 84
98 90 33
17 88 85
99 11 23
56 83 25
61 41 89
69 85 17
66 56 12
19 25 96
18 53 66
72 89 81
8 12 81
63 3 56
81 23 1
12 67 51
67 66 27
36 20 12
44 74 3
35 63 77
70 34 46
26 93 64
42 99 74
94 30 52
51 82 47
91 3 27
40 23 10
55 3 17
83 14 79
12 64 49
41 67 52
32 70 13
98 100 83
53 47 77
8 24 2
96 39 93
91 1 60
79 93 97
98 30 82
35 13 51
5 93 88
78 72 30
95 23 44
78 57 97
61 82 79
72 75 34
57 41 67
97 94 60
80 1 16
58 81 56
19 21 55
63 54 61
33 17 32
64 52 76
40 54 86
68 60 32
46 56 88
87 49 48
71 94 46
81 60 53
84 32 23
88 34 42
84 84 66
84 17 16
65 56 87
44 20 83
62 31 53
75 5 52
23 16 42
25 11 6
40 75 43
40 83 49
29 80 21
91 77 40
22 30 28
23 39 3
5 52 85
30 29 92
56 86 40
68 47 52
12 56 66
80 42 99
63 43 40
95 55 50
80 100 44
95 40 21
100 32 99
14 93 69
69 70 13
11 51 54
82 15 77
7 27 53
1 65 21
91 100 4
60 85 17
60 86 91
42 54 26
49 16 94
67 75 79
100 68 18
10 98 76
28 53 7
55 20 20
35 11 77
89 56 17
1 59 77
44 45 93
9 5 72
74 27 70
21 71 14
28 87 28
8 60 29
80 8 1
27 35 60
40 28 58
17 74 72
81 86 19
38 38 20
72 96 67
46 30 95
70 95 58
47 84 29
46 22 3
81 26 53
62 97 40
97 4 68
98 44 45
28 26 17
97 94 28
9 45 17
24 72 83
81 78 24
72 76 66
85 54 24
34 98 65
1 84 12
14 9 11
88 26 14
97 39 57
70 1 47
62 31 42
89 79 58
60 52 83
62 53 56
56 59 25
54 96 57
87 96 32
67 7 12
68 92 60
88 42 18
47 94 29
1 7 30
58 55 76
65 61 42
22 19 54
96 91 94
12 60 89
70 28 20
75 93 27
19 88 68
17 72 49
63 46 9
48 18 11
32 41 89
78 21 78
88 75 93
35 96 83
26 23 37
16 63 91
45 39 14
4 62 34
57 1 24
84 11 7
54 70 61
8 91 18
66 43 33
88 3 78
94 54 7
24 35 84
91 10 82
84 26 100
83 60 97
53 27 45
90 6 18
64 50 73
99 45 33
75 54 25
54 88 55
54 89 4
2 29 50
33 47 65
86 45 86
91 76 34
95 72 30
100 85 41
15 60 58
39 3 1
41 32 94
9 31 13
81 39 18
86 70 36
36 44 23
69 100 8
18 27 32
85 68 34
72 60 100
84 86 48
19 34 56
44 55 88
90 32 1
66 56 80
24 99 5
80 7 58
49 59 19
38 6 20
75 2 66
54 85 30
65 8 10
76 67 79
77 35 32
100 4 76
8 62 44
14 58 34
9 24 36
83 63 1
74 49 20
83 93 58
85 18 54
51 39 81
63 5 60
96 18 51
47 45 30
69 82 44
19 20 47
73 15 29
86 33 98
44 57 45
98 5 14
36 13 5
42 25 64
43 35 32
42 59 93
89 33 77
86 50 93
91 85 15
55 40 47
41 4 69
53 45 76
74 62 100
62 46 12
66 42 69
32 18 66
42 67 61
94 65 88
84 47 87
79 58 35
41 92 11
75 36 26
54 21 46
3 89 97
90 92 70
72 22 37
60 49 50
96 80 16
26 40 34
44 88 18
48 45 8
43 37 47
69 32 60
58 20 15
12 39 33
43 92 23
54 27 76
83 77 88
46 77 91
62 92 3
46 73 51
73 67 37
60 20 28
67 92 59
57 67 89
98 39 100
41 27 31
75 19 29
61 68 92
74 60 45
77 21 89
21 74 25
97 42 40
43 17 56
4 35 37
87 60 60
65 11 27
51 78 19
21 5 92
75 9 66
26 71 30
27 22 97
25 39 92
79 77 98
88 71 62
18 74 87
24 44 45
73 84 84
37 96 81
89 16 46
25 51 13
14 15 70
39 26 17
11 28 6
66 75 61
62 58 58
23 19 3
34 8 25
16 41 4
54 21 99
96 36 49
90 16 40
28 20 61
43 5 23
70 71 13
33 64 4
38 61 70
39 27 74
95 20 33
63 74 25
83 49 68
41 59 30
48 67 80
99 49 44
33 49 50
84 76 44
42 70 76
16 79 2
96 53 68
33 53 98
96 4 56
50 67 50
77 4 92
20 88 34
1 98 93
25 35 76
67 48 61
94 83 30
68 74 64
77 32 1
43 34 50
69 27 6
23 94 31
52 1 27
76 5 54
76 6 37
45 59 88
21 2 56
32 16 26
53 9 12
72 3 75
94 98 11
26 30 95
97 23 94
67 72 88
72 77 39
67 11 33
16 57 11
46 90 5
42 95 77
65 89 62
75 82 42
23 57 43
84 71 40
35 49 73
3 72 92
44 34 96
51 31 33
43 39 39
39 68 35
63 36 33
36 60 10
15 60 15
1 27 62
3 59 18
37 27 59
67 59 45
93 78 99
46 64 82
8 14 16
57 89 21
67 24 41
44 87 50
22 6 29
74 31 67
37 93 88
78 94 6
87 26 25
92 97 31
94 90 86
80 71 2
73 58 6
73 64 4
94 12 97
13 54 31
11 98 30
78 80 49
11 37 75
69 53 26
57 9 79
22 53 67
4 5 10
41 21 19
94 66 84
84 44 60
92 56 86
50 55 59
77 69 97
100 47 37
58 45 32
9 35 24
57 57 93
57 90 99
12 79 53
24 16 90
40 26 99
31 76 90
87 28 21
70 82 66
43 25 7
35 66 10
58 26 38
96 73 15
13 31 71
81 7 13
75 54 5
63 95 33
14 6 34
67 90 67
92 44 24
79 96 50
23 9 88
40 25 6
9 1 69
38 74 29
47 72 92
49 42 36
8 57 58
7 73 30
76 77 100
50 84 58
26 97 34
81 53 84
29 33 39
41 28 59
37 90 97
67 84 57
96 41 50
9 86 87
99 76 41
51 66 84
13 13 40
1 32 19
17 64 73
79 63 47
90 31 95
65 46 85
34 69 15
97 60 87
69 31 1
61 75 53
98 22 86
66 35 77
36 19 95
46 75 27
28 41 45
18 98 70
36 54 14
66 74 57
84 36 47
71 38 70
86 13 92
75 95 16
6 89 92
84 33 72
43 8 86
57 19 55
24 9 97
34 41 18
82 44 68
44 28 3
6 58 48
96 76 56
88 27 57
33 57 98
45 10 91
4 38 86
96 10 14
9 75 12
98 64 55
15 42 3
65 51 42
49 27 81
58 5 93
43 33 42
30 38 69
30 28 90
99 80 93
12 36 32
4 2 77
32 4 93
12 80 52
80 74 56
11 85 77
94 15 56
69 43 49
76 87 74
91 70 45
96 78 53
6 76 31
23 75 67
98 79 51
84 19 64
12 94 30
47 23 66
12 73 86
48 59 59
52 67 11
35 41 85
3 40 76
78 80 27
44 56 57
76 91 95
21 56 74
75 65 69
6 27 82
12 75 46
59 35 92
93 88 99
46 87 91
93 62 69
76 90 63
23 40 1
12 5 90
13 72 31
11 7 83
51 52 32
89 64 74
62 59 28
78 21 45
59 87 78
20 23 37
28 16 48
68 9 90
1 42 5
57 31 66
70 43 98
74 33 23
50 4 45
9 59 5
65 17 71
99 84 46
62 1 61
71 24 45
57 85 25
65 9 49
78 31 73
48 54 80
71 1 68
81 26 26
11 74 63
27 22 98
1 15 67
63 85 93
34 86 13
45 63 92
70 13 40
94 41 35
61 11 63
12 3 24
89 89 40
7 99 98
33 89 25
13 70 83
28 90 18
64 64 45
20 46 86
16 73 2
82 76 45
25 15 27
94 57 25
16 58 2
1 6 54
71 71 2
18 77 50
81 49 31
46 39 35
58 35 95
62 44 43
27 8 100
4 86 69
42 59 1
68 86 45
72 55 10
64 8 73
65 59 82
6 18 80
5 46 82
7 92 62
51 36 24
38 59 14
18 56 57
79 2 16
51 39 11
79 7 40
17 17 52
36 89 13
90 2 1
83 5 88
58 73 24
74 86 89
86 85 66
16 79 43
41 68 5
47 76 67
53 13 54
7 64 43
39 70 70
47 49 43
20 45 63
40 15 41
71 43 77
65 55 60
3 42 23
49 68 57
69 69 86
74 71 82
31 5 52
42 59 80
58 46 41
61 99 90
32 84 53
81 69 31
60 81 90
6 12 14
17 77 53
52 67 29
16 64 12
42 15 48
93 24 12
71 38 30
58 15 74
60 86 67
56 45 78
53 12 47
80 21 7
35 54 56
51 34 5
19 71 95
56 8 88
36 27 23
2 87 73
20 62 72
48 37 88
100 84 82
12 98 11
84 41 52
36 58 15
90 78 56
40 2 92
43 11 43
55 43 28
55 88 75
11 81 68
22 7 49
42 3 7
67 21 92
33 74 27
57 7 81
26 91 44
20 70 20
59 98 88
72 50 92
13 42 2
62 38 7
7 90 77
49 77 5
42 49 46
74 84 41
15 18 23
92 5 38
38 63 47
76 69 85
68 33 3
33 87 56
50 24 100
96 20 34
25 72 65
22 93 4
79 62 86
69 43 98
53 26 65
8 12 78
92 17 40
38 71 6
93 50 24
85 80 44
68 12 20
41 12 85
52 85 31
1 64 76
84 66 35
14 66 64
82 15 15
51 64 90
59 11 69
85 12 14
56 60 36
31 5 32
1 40 49
35 44 85
63 28 80
80 59 20
6 30 44
68 68 16
78 47 99
31 79 93
86 94 53
78 60 21
30 76 86
4 99 32
46 42 13
7 56 56
93 62 96
58 40 65
61 40 100
96 46 63
27 21 58
26 42 36
45 40 13
34 5 20
17 78 98
25 99 49
80 9 61
90 5 32
7 85 51
50 21 5
80 21 92
25 35 6
59 68 10
43 30 89
51 34 58
38 72 93
68 69 16
45 36 34
44 85 8
40 94 100
9 30 73
87 86 98
51 50 24
45 84 51
66 70 48
36 31 29
23 42 81
68 56 30
16 25 85
80 81 23
70 72 9
19 34 41
31 80 36
5 5 50
2 6 1
24 40 75
33 45 43
32 78 85
64 89 63
86 69 46
51 38 35
23 47 84
87 65 1
98 67 4
58 81 36
78 19 24
95 3 1
16 69 52
90 37 52
21 84 95
55 49 53
40 45 56
37 93 15
13 28 28
96 39 72
85 47 91
91 41 29
7 5 17
4 93 70
64 11 56
51 67 83
47 16 17
68 65 37
6 70 12
42 56 15
94 61 37
54 15 74
88 85 9
3 55 88
11 14 41
31 8 21
5 2 19
64 79 4
80 17 15
49 18 1
83 52 1
39 83 34
32 3 17
33 19 50
52 66 55
5 72 6
86 12 23
64 62 60
35 92 70
20 37 83
80 25 7
3 95 69
86 90 93
88 75 12
86 26 66
29 99 96
30 62 5
54 48 47
95 53 28
98 51 27
6 48 61
24 44 84
97 11 86
94 83 46
82 81 38
100 55 82
82 55 30
45 95 17
68 45 98
35 7 16
7 76 63
49 33 92
9 31 39
94 15 3
52 56 3
25 10 18
66 92 29
21 13 28
2 95 31
2 79 45
67 51 57
41 20 89
1 33 47
28 25 12
72 92 6
36 2 28
35 98 35
80 86 63
7 59 7
31 45 13
27 32 65
35 34 92
86 9 84
56 73 98
30 43 99
70 81 99
38 23 53
11 54 56
39 32 79
90 30 97
58 98 21
64 56 4
22 95 87
84 42 65
76 15 96
38 71 60
55 76 35
72 40 41
98 27 35
98 42 21
91 6 41
10 45 8
50 14 49
65 52 91
87 100 56
5 45 65
52 55 14
68 55 4
4 4 77
46 99 55
47 68 69
88 24 84
7 81 7
25 34 70
82 41 84
20 32 65
46 24 34
50 37 79
39 22 8
88 74 28
1 11 67
99 10 89
71 61 12
94 88 21
35 47 43
34 8 70
8 39 26
43 69 93
96 57 6
68 97 1
93 94 64
75 21 33
96 48 36
68 31 77
88 38 70
58 85 19
39 98 29
95 91 74
73 61 76
77 5 1
63 92 26
58 80 91
98 28 39
89 100 53
84 44 100
40 27 13
86 83 81
71 7 17
15 6 19
5 52 31
47 92 58
76 13 83
10 43 21
62 61 28
15 37 20
99 36 54
100 23 32
98 67 22
33 89 99
14 61 17
96 17 33
35 94 88
54 6 33
2 43 5
36 69 73
79 98 75
79 89 44
40 61 41
56 50 71
19 70 53
44 38 77
17 42 12
54 87 37
22 9 85
3 3 69
1 98 36
26 4 18
82 42 56
95 72 56
56 86 27
74 25 92
55 9 92
96 33 71
38 86 64
15 71 58
25 88 34
54 55 56
38 48 7
27 99 40
85 92 24
22 24 57
38 85 5
30 57 63
24 25 2
65 31 93
21 19 3
25 42 30
52 73 40
81 29 38
45 70 35
87 54 62
84 64 34
64 31 76
73 44 54
16 96 2
43 41 47
27 53 56
92 32 80
96 35 19
80 81 59
76 99 13
21 67 21
63 22 15
70 49 72
58 39 47
6 22 25
59 53 62
11 36 72
17 23 77
62 43 36
82 64 65
99 91 45
80 84 10
27 3 49
71 49 38
3 87 34
3 8 61
62 7 41
38 22 78
31 57 58
40 65 14
44 55 54
91 92 34
54 52 80
21 32 29
89 44 58
40 95 34
85 93 63
98 66 86
3 9 46
70 91 47
7 69 15
25 69 75
20 72 33
22 97 31
68 12 96
83 83 90
85 3 7
78 59 72
64 51 61
35 100 59
97 63 53
39 77 18
27 15 26
51 22 56
78 78 12
99 81 39
48 69 56
31 10 69
71 45 77
23 6 73
60 89 51
46 57 7
42 44 69
29 29 26
77 22 55
59 25 6
37 26 59
80 29 32
71 100 95
40 19 68
1 49 2
10 34 20
50 39 55
86 58 51
90 26 42
56 9 48
2 73 24
25 6 8
86 91 21
81 66 70
100 43 90
49 79 81
61 78 91
85 54 56
94 16 97
83 72 29
86 79 11
97 89 22
87 85 69
45 33 96
33 86 37
11 85 27
6 46 33
71 61 89
13 58 74
49 13 72
81 94 84
82 17 24
57 69 96
79 1 80
34 75 28
44 22 6
34 53 3
13 90 68
4 5 55
36 74 36
51 97 80
31 38 39
11 41 95
21 59 53
54 6 48
12 58 42
59 82 94
53 55 23
75 97 17
59 40 58
96 63 55
3 36 84
12 45 90
89 9 99
93 88 24
21 28 14
36 73 28
48 47 5
25 3 73
41 42 37
93 4 90
18 60 14
86 8 10
3 73 34
44 86 42
40 12 19
41 62 22
44 65 68
19 16 26
33 48 28
72 56 96
58 28 87
68 89 95
96 97 31
32 67 43
55 98 89
24 90 16
14 27 65
58 78 29
57 61 58
48 87 34
67 19 4
61 96 32
48 89 5
11 56 4
52 40 58
60 83 50
40 92 56
16 52 22
49 9 94
75 61 20
18 46 93
17 10 29
4 30 76
41 96 2
85 8 14
8 97 94
41 33 31
17 52 65
50 39 54
96 46 95
78 40 4
15 81 14
88 44 23
78 49 95
44 69 80
21 11 27
63 15 16
25 77 60
28 85 22
7 33 84
17 17 86
6 82 72
16 6 78
44 90 44
6 35 51
72 80 74
10 4 66
62 48 94
69 13 74
81 9 32
6 71 46
18 63 28
43 95 86
13 65 46
36 43 92
69 30 23
49 27 32
52 42 73
65 60 82
10 81 93
3 64 37
95 27 5
51 6 56
38 46 63
7 40 93
40 82 4
45 18 59
21 71 6
24 86 54
72 46 45
73 68 79
28 49 34
51 55 54
2 64 50
14 65 61
33 78 87
25 10 72
6 17 35
18 3 92
26 85 37
28 94 91
3 25 52
43 71 62
31 58 66
8 20 32
50 23 62
66 99 92
93 59 25
97 94 1
55 93 49
92 66 20
40 74 90
50 28 63
42 96 89
53 50 15
26 33 85
46 82 97
41 80 83
17 1 90
17 100 5
4 51 88
93 66 55
34 16 86
88 57 52
33 26 98
15 22 1
13 36 80
5 63 33
13 74 59
45 12 65
24 67 68
32 100 45
65 88 36
62 44 56
96 99 17
49 98 53
65 85 11
79 62 72
41 70 49
68 57 13
3 49 96
30 89 40
58 91 87
94 7 75
57 8 41
1 96 90
24 68 39
77 96 8
93 83 98
77 7 31
10 89 55
61 13 89
85 11 68
93 99 37
67 25 52
63 12 49
98 58 56
83 48 51
57 20 83
40 82 49
25 8 80
98 92 34
21 58 1
88 91 33
57 34 84
86 38 39
45 79 51
69 6 91
57 54 3
72 42 22
17 4 95
39 33 50
99 23 98
86 96 89
59 57 13
57 95 54
18 78 72
75 3 62
14 32 82
29 65 11
16 58 44
51 86 88
98 47 14
92 67 80
71 53 39
11 39 76
54 42 53
41 72 25
82 5 81
65 50 18
65 45 91
74 42 37
34 22 35
20 90 10
61 69 25
79 36 78
63 94 8
10 10 25
54 18 57
39 66 79
29 71 73
30 29 65
39 48 30
63 27 5
95 84 59
73 12 60
87 46 61
32 22 18
14 48 14
100 42 43
34 37 44
65 43 90
72 20 52
85 63 70
11 18 81
35 85 63
64 96 13
68 85 20
10 69 81
51 60 1
90 1 8
49 95 72
79 62 87
22 20 71
72 6 99
27 13 86
39 32 78
43 57 58
24 49 3
24 1 30
67 44 53
98 16 100
21 8 99
20 21 8
7 92 2
1 87 5
49 38 62
56 53 22
1 94 12
64 21 54
13 73 12
65 52 45
10 53 67
61 41 78
48 9 6
45 12 65
3 15 82
94 53 62
98 26 63
87 26 80
97 20 59
23 79 4
29 47 62
86 100 7
98 63 35
37 63 29
83 19 42
32 93 38
20 39 53
70 41 5
6 26 18
34 3 74
84 78 25
59 41 72
21 26 2
31 77 9
52 18 50
79 78 2
52 55 19
47 9 25
99 84 53
73 20 99
30 9 39
57 5 65
22 98 25
66 53 94
36 68 9
85 14 1
85 73 92
100 3 89
46 31 11
28 57 41
59 36 32
31 75 91
75 10 10
21 9 70
18 77 19
39 40 21
30 21 75
19 22 70
27 62 50
71 11 6
31 27 52
29 92 10
5 15 65
45 59 93
84 44 87
66 14 85
15 83 87
19 98 1
72 60 31
26 94 55
48 72 32
18 94 66
23 84 53
73 77 31
59 6 31
22 18 75
33 46 41
19 40 27
36 52 20
38 88 60
40 29 62
40 46 43
37 50 20
6 63 25
9 7 5
91 2 53
15 31 48
27 39 84
70 8 94
99 92 49
53 73 48
74 29 49
58 29 18
41 36 36
75 47 95
18 94 25
84 10 40
98 91 19
23 51 69
72 24 77
78 80 54
68 41 46
25 11 9
12 12 93
30 62 88
44 65 91
41 67 41
23 91 36
30 27 51
84 92 17
78 61 81
60 19 43
44 13 61
2 93 13
59 96 63
52 91 38
37 46 94
82 30 1
33 61 89
62 31 10
27 25 15
100 96 72
49 100 8
3 82 39
52 48 23
70 86 2
72 71 61
44 13 54
79 60 46
65 20 64
21 46 51
2 29 67
45 96 27
11 86 32
40 8 84
7 5 85
28 28 42
42 52 4
67 74 11
100 62 37
23 26 27
48 48 89
30 63 51
73 13 69
74 76 82
71 79 84
88 51 60
61 7 95
26 38 91
95 71 32
69 76 82
40 12 75
29 86 42
78 93 46
8 94 59
19 66 19
8 63 56
8 19 75
89 3 70
27 37 33
38 14 74
30 25 60
4 84 23
1 75 14
9 52 7
34 81 64
26 60 78
95 86 74
61 8 41
100 30 83
77 35 4
16 18 3
24 88 40
67 37 98
83 22 10
78 50 36
1 1 79
2 59 4
44 99 17
50 31 100
13 96 72
74 87 20
45 7 55
68 35 87
68 73 64
82 36 40
69 33 42
40 88 25
6 67 89
67 75 51
46 81 15
17 21 86
100 40 30
22 2 39
45 9 27
2 51 15
54 83 13
8 77 63
47 94 70
75 2 68
84 76 28
97 68 15
97 78 62
14 15 1
22 81 63
61 51 32
83 23 26
15 69 46
90 36 30
3 61 84
89 15 64
81 35 91
7 44 2
95 23 24
54 35 41
3 36 6
39 53 67
28 15 38
21 87 84
84 74 78
18 67 53
19 38 94
20 63 18
23 98 57
63 99 52
12 44 52
40 45 24
91 78 25
77 94 22
27 68 27
59 42 53
35 90 66
38 75 2
22 76 5
32 95 19
87 81 96
60 48 23
62 25 56
53 29 80
79 10 17
93 37 25
3 18 93
60 13 14
100 87 94
45 93 65
10 74 56
24 83 51
36 82 76
23 94 8
71 12 92
19 69 51
98 47 57
57 20 20
72 75 1
33 73 17
80 7 34
97 62 62
85 14 31
88 20 22
46 50 32
65 89 33
9 88 90
90 93 5
37 93 14
95 89 41
58 36 33
56 18 16
12 31 91
18 14 77
73 37 28
93 73 63
83 26 67
69 80 22
73 84 83
95 16 70
90 7 61
35 44 84
11 98 84
7 59 5
24 1 28
60 84 27
95 58 45
44 88 29
34 47 87
65 58 99
25 67 54
62 34 52
98 81 72
91 84 50
31 37 14
77 13 16
94 5 17
79 39 27
67 45 74
68 46 40
43 4 31
75 26 84
65 8 42
5 27 92
74 83 82
44 35 12
48 89 42
7 14 32
34 77 65
12 70 55
70 77 9
46 15 22
55 23 47
15 21 31
97 77 24
3 36 32
35 26 92
78 83 36
12 78 18
8 42 96
88 90 71
61 48 2
52 22 95
80 14 41
66 4 41
73 7 26
73 32 63
40 98 88
79 18 95
1 69 47
57 17 45
78 54 74
25 62 24
78 3 26
20 10 50
94 97 93
87 64 50
3 58 21
85 94 29
11 9 37
65 14 71
92 89 30
93 25 88
16 16 4
39 31 48
11 55 59
2 92 17
25 5 51
85 37 38
48 16 39
3 67 86
10 36 80
76 12 62
6 64 16
7 68 95
29 86 86
48 7 63
58 95 56
48 19 51
77 21 52
9 32 86
61 87 22
91 94 30
62 32 93
73 16 74
3 86 1
86 32 54
60 86 17
45 10 66
18 88 63
90 63 72
25 85 96
36 42 65
26 55 81
42 86 51
26 37 81
22 99 77
82 63 84
84 55 85
43 55 78
89 53 20
36 22 73
80 1 82
14 58 31
7 41 75
38 63 45
80 53 34
62 65 90
35 50 84
40 10 51
47 62 29
15 91 93
65 81 27
42 96 71
41 14 45
97 44 75
25 58 54
19 37 52
40 10 5
18 40 37
55 33 39
86 41 47
1 62 14
92 54 1
79 24 3
50 27 59
66 50 31
63 19 1
48 23 25
24 73 65
29 65 42
82 25 38
56 27 40
16 32 100
6 4 98
26 88 87
27 21 30
92 44 18
97 32 84
48 16 6
80 66 34
77 29 62
87 89 70
46 89 70
25 99 57
33 93 91
87 38 79
76 35 95
65 7 26
82 71 43
29 90 9
89 60 48
22 69 72
29 20 81
83 81 48
78 25 62
61 97 81
7 1 43
41 37 44
24 35 31
86 47 80
34 92 27
3 11 75
67 92 73
85 42 43
97 100 1
5 85 49
79 30 45
30 8 52
100 1 3
95 66 49
37 26 20
34 91 19
98 93 59
15 1 86
75 77 25
15 72 85
20 94 66
17 17 66
37 36 21
43 27 15
100 56 26
37 10 22
61 83 4
96 38 53
73 26 68
44 41 59
39 21 53
7 52 31
18 81 67
85 37 6
9 55 100
15 7 35
47 37 85
35 41 72
76 71 65
73 67 53
6 25 85
6 11 4
31 11 5
47 54 72
15 10 47
26 95 62
67 47 38
34 32 45
55 37 77
27 49 36
74 100 4
70 11 2
9 98 27
82 54 72
38 40 74
29 95 17
85 40 76
93 5 14
93 99 59
90 36 83
65 78 64
56 98 56
49 51 65
20 18 96
100 99 98
32 48 96
25 16 77
3 100 89
55 80 56
33 55 33
63 54 70
72 97 50
37 8 26
68 82 51
14 61 67
70 39 70
39 21 67
30 91 37
97 64 75
32 97 89
71 25 84
24 10 49
30 34 84
14 44 49
96 38 86
84 88 11
1 66 45
75 35 32
80 52 11
12 91 47
73 25 70
49 96 97
66 98 70
51 60 53
21 6 31
33 46 62
54 8 68
14 53 3
16 90 7
42 100 3
6 28 63
45 41 18
74 66 86
81 17 46
92 63 50
83 90 5
51 2 6
79 23 99
43 64 18
67 17 68
10 76 44
72 19 91
3 53 88
29 82 73
44 11 25
19 18 57
3 6 8
21 52 77
100 18 58
6 18 76
90 50 94
43 85 34
18 81 45
36 28 4
71 67 94
85 14 80
35 26 65
42 21 23
31 91 57
58 44 22
3 72 89
100 12 76
5 66 15
87 74 80
23 2 11
82 91 89
8 24 27
72 52 95
71 32 64
11 42 51
32 24 65
37 23 54
84 48 36
53 2 91
51 1 44
99 11 15
95 58 50
65 95 22
36 69 97
27 82 22
41 37 22
2 25 25
55 32 37
13 14 14
67 39 96
31 77 15
68 76 47
14 13 96
31 28 53
63 7 25
46 47 24
52 90 74
30 100 6
65 77 53
71 70 71
23 60 90
36 34 24
76 82 31
69 25 7
42 47 29
37 61 47
100 97 60
44 36 76
63 59 7
66 87 71
64 41 52
27 9 54
97 5 92
40 1 29
81 6 13
46 72 48
68 61 24
22 74 68
23 83 86
34 85 4
55 2 92
73 18 2
90 63 75
89 87 61
33 21 6
45 83 70
3 23 66
62 14 15
73 2 83
84 97 85
50 57 41
48 99 76
81 85 48
35 59 2
18 6 51
46 96 36
58 84 54
78 26 40
84 58 1
62 29 73
35 58 83
87 33 73
36 29 60
67 62 85
51 26 28
74 35 68
45 67 57
58 62 53
69 55 64
21 66 56
72 53 49
65 73 83
88 33 16
84 52 8
17 26 98
7 85 37
96 62 92
53 4 93
75 61 79
64 92 21
16 28 37
21 2 91
6 85 96
1 46 77
37 21 22
30 97 19
74 88 19
32 40 44
59 53 91
41 39 54
46 34 63
98 7 11
91 43 3
73 27 71
58 97 66
54 35 45
26 16 6
34 63 64
71 38 10
2 16 58
58 86 55
88 100 94
42 78 12
42 84 38
92 24 57
35 60 10
93 23 55
9 41 15
85 47 67
76 34 93
82 22 96
55 15 6
53 16 31
26 81 64
89 22 35
25 74 79
2 86 40
47 94 17
44 72 97
95 6 25
42 80 8
83 92 6
22 53 20
92 21 96
73 8 97
35 32 72
86 14 13
97 52 22
41 50 23
27 54 76
30 51 73
80 74 80
39 11 12
9 8 79
25 79 97
22 86 6
76 98 32
15 29 44
24 20 99
11 81 26
10 86 60
28 5 34
9 2 13
61 28 94
5 43 62
55 52 15
27 42 17
48 68 10
90 94 50
25 25 80
86 41 86
43 48 81
1 48 72
35 93 65
88 92 44
85 76 96
11 63 91
25 49 20
43 31 95
4 1 48
93 24 50
22 17 30
74 26 6
68 40 53
36 18 18
14 55 10
24 59 82
97 39 33
87 56 73
91 12 34
52 30 64
89 42 71
61 29 86
86 2 32
20 40 54
64 8 53
8 68 13
15 56 9
60 83 35
94 100 69
15 27 40
27 47 2
90 75 15
40 52 10
19 66 96
66 30 97
68 33 45
60 96 48
42 65 52
50 77 68
74 13 54
15 18 71
69 75 33
35 26 72
15 7 16
100 33 93
53 82 59
14 64 11
52 31 64
94 52 12
73 100 39
32 78 47
68 10 46
8 51 69
95 60 69
47 60 76
14 76 27
41 82 67
64 43 13
59 1 95
8 15 92
32 30 88
74 98 15
47 58 41
9 71 58
33 64 66
14 88 100
60 47 94
23 74 66
90 44 80
10 5 40
76 60 22
39 67 15
37 39 87
77 74 14
77 90 35
6 98 91
6 2 56
70 9 87
33 88 34
16 14 23
91 12 51
83 4 79
17 73 84
40 34 92
63 42 37
72 41 17
97 8 21
44 16 39
24 6 100
4 13 58
78 27 99
71 20 80
33 65 16
83 30 94
60 46 40
82 9 72
4 62 56
62 92 83
52 44 70
55 97 88
77 85 59
23 85 23
74 51 84
5 82 98
84 89 52
10 21 89
44 61 19
21 43 95
65 2 84
98 57 40
14 54 28
1 69 75
58 3 98
64 39 48
46 6 49
68 56 90
78 72 6
20 38 66
45 37 23
46 97 4
21 80 20
89 57 51
73 18 29
26 96 100
25 50 13
18 62 65
34 41 43
22 24 45
47 69 100
99 74 50
10 68 47
86 7 65
47 18 37
77 95 81
40 89 42
89 86 71
62 14 10
80 93 83
69 39 71
78 86 73
74 18 24
23 67 16
79 3 16
87 92 40
76 45 38
53 94 52
49 21 90
25 66 13
54 68 45
63 81 89
44 44 74
11 25 88
12 20 92
65 75 1
35 74 31
16 25 27
8 24 86
19 93 48
20 45 39
9 25 53
54 1 1
58 60 49
99 97 46
31 73 5
8 33 32
68 32 31
50 95 2
39 78 46
20 100 2
77 100 60
56 8 33
92 55 9
71 62 86
47 22 45
7 29 6
2 18 70
12 78 57
57 3 1
20 2 34
37 46 52
82 27 74
5 52 84
24 67 99
40 60 25
44 74 86
91 83 48
89 23 27
13 13 62
47 92 80
10 52 27
68 62 71
58 23 3
59 38 61
34 72 15
75 21 3
10 33 71
82 68 49
72 84 96
8 4 90
70 26 39
93 74 86
63 100 52
92 19 95
95 82 38
82 14 74
36 52 53
54 95 67
81 43 16
40 6 24
53 8 7
35 77 82
46 94 20
2 29 100
49 75 65
43 57 17
93 61 1
66 3 31
16 14 87
54 65 14
81 34 56
41 90 34
71 87 43
9 79 71
82 51 81
32 93 7
36 65 25
53 85 42
19 65 51
27 87 78
17 31 43
74 97 77
39 99 38
11 44 3
82 17 30
41 22 62
71 43 24
66 37 73
12 79 31
20 83 62
45 60 12
2 98 40
88 53 31
27 26 94
63 8 84
34 89 87
25 16 95
15 11 21
41 37 17
2 30 95
91 67 71
19 83 8
96 15 85
71 38 29
78 97 94
67 61 56
20 44 57
58 69 59
75 16 66
34 9 66
55 4 81
34 91 71
18 24 18
12 13 36
66 97 47
92 82 97
1 21 87
4 76 78
56 94 43
96 40 86
32 96 59
33 93 23
89 61 9
79 85 3
70 80 17
79 68 50
16 14 16
47 73 40
71 45 2
26 64 9
53 15 73
19 78 71
9 90 76
23 95 16
63 64 62
15 51 88
94 28 94
94 74 37
38 67 81
85 13 89
68 39 3
85 73 20
72 45 42
35 4 95
13 88 33
98 28 70
14 71 5
9 81 17
76 6 6
9 64 2
23 20 68
71 2 94
36 7 65
37 33 66
38 97 54
51 78 38
76 79 29
4 97 78
13 46 93
52 62 75
65 3 50
74 45 39
1 8 25
79 21 17
9 72 21
67 23 48
44 76 62
99 33 100
37 10 14
26 93 82
26 47 67
33 75 29
50 52 8
79 93 16
60 34 58
7 18 43
4 87 10
44 7 7
96 5 66
50 7 33
92 79 12
31 35 63
10 23 63
71 56 5
68 75 50
52 32 8
24 4 40
1 39 10
61 45 86
26 71 89
18 27 78
85 19 59
21 86 47
85 68 86
64 40 13
44 15 66
87 55 23
75 56 22
1 13 26
11 34 76
29 56 2
19 15 31
100 49 77
58 34 95
81 67 1
35 45 62
50 34 72
49 64 22
96 25 50
2 69 95
96 65 36
74 46 46
36 9 85
95 6 53
91 96 83
4 90 70
72 49 97
30 5 68
62 60 4
23 36 21
62 14 85
44 27 56
96 84 83
63 50 40
12 30 2
78 16 79
71 34 9
51 46 3
28 21 90
74 39 15
81 94 9
45 36 53
44 14 54
93 22 73
5 73 33
27 43 59
90 70 57
85 29 33
38 88 24
81 39 85
1 54 26
72 78 35
21 32 64
95 21 49
80 27 61
36 31 44
41 4 48
31 31 18
12 98 89
91 1 14
13 66 64
75 87 69
6 79 89
14 46 43
97 91 61
29 87 87
59 58 14
24 34 72
50 54 1
11 67 78
39 46 57
92 14 67
60 91 83
35 96 46
80 71 54
76 50 71
73 22 32
5 96 73
80 55 97
79 5 31
100 70 47
15 50 52
87 69 5
87 55 29
60 40 15
87 56 80
21 85 67
55 43 52
92 73 91
83 72 80
51 59 80
3 47 71
45 100 81
26 81 32
41 67 75
53 78 54
39 75 56
23 60 20
16 47 66
85 41 11
40 61 29
54 95 16
65 57 21
62 42 33
98 20 29
80 81 92
18 4 19
36 2 17
24 56 98
100 59 13
92 21 20
7 96 82
53 7 80
32 79 18
38 63 63
97 47 72
89 45 67
18 23 80
50 67 20
43 6 84
93 92 95
68 81 28
79 63 53
38 12 90
9 18 71
4 79 56
88 66 79
5 40 68
65 43 47
85 15 98
64 37 56
28 82 40
74 71 16
10 85 2
93 97 86
52 99 71
43 77 74
84 8 94
74 49 15
29 18 51
33 72 23
67 22 55
81 24 68
29 12 75
67 55 35
99 47 7
58 64 72
7 87 37
63 7 13
74 83 46
48 66 7
33 84 13
90 50 24
18 89 36
34 9 33
68 31 95
46 31 6
40 92 71
14 1 37
85 56 94
35 65 10
96 100 22
66 12 76
69 44 73
96 71 56
52 41 2
51 53 95
49 97 87
52 42 71
88 65 9
24 2 80
31 38 86
45 50 59
20 19 83
79 17 14
70 59 1
88 53 85
76 65 100
91 80 64
89 98 74
67 100 33
42 50 84
18 60 5
33 77 35
81 45 3
62 9 69
74 20 2
49 4 98
44 4 37
3 96 19
20 3 4
97 74 56
73 20 17
91 49 59
44 84 72
99 39 96
65 97 83
84 27 94
88 14 49
58 99 29
96 19 27
3 35 25
24 51 5
75 83 41
32 85 41
53 65 69
7 59 1
49 55 18
91 59 70
24 83 25
41 34 87
44 97 46
53 87 98
41 18 68
17 44 10
70 28 78
80 43 71
47 53 62
1 53 21
97 44 76
59 37 18
49 31 7
53 92 13
67 22 54
80 36 37
6 12 2
73 44 17
44 28 4
34 66 6
34 87 88
88 94 67
74 87 23
98 76 79
45 27 97
14 79 82
79 57 28
25 97 59
83 56 41
88 90 99
99 34 20
100 84 48
54 10 65
87 59 82
10 83 81
76 66 38
16 86 77
100 19 53
40 51 26
53 34 85
45 68 32
60 88 23
85 46 80
18 56 68
46 13 58
37 52 71
36 55 20
98 41 86
66 93 6
92 17 52
95 14 74
30 22 25
21 98 86
45 12 95
10 43 100
100 45 50
14 85 58
49 3 16
36 39 4
21 71 12
81 53 84
15 15 9
64 57 32
91 40 33
18 5 16
19 67 91
13 32 100
29 45 100
71 54 2
3 95 95
4 44 86
75 60 76
1 63 74
36 68 91
31 67 46
13 80 10
6 51 70
77 52 67
3 87 73
1 91 39
37 89 40
27 23 4
24 85 92
3 80 13
66 82 31
45 16 31
89 77 27
65 26 68
91 56 3
83 39 37
94 37 12
67 99 19
85 10 56
51 53 34
83 64 70
16 63 25
1 17 83
15 94 56
47 33 77
75 69 87
73 94 49
87 91 100
30 21 95
6 31 21
98 66 78
75 15 65
92 22 39
38 75 46
20 71 30
16 75 5
5 88 86
84 22 88
29 84 83
32 10 53
35 22 88
6 93 76
61 77 30
16 3 19
56 7 45
98 63 70
7 53 44
66 43 51
86 72 44
32 88 9
49 1 50
96 96 59
52 31 9
48 69 75
89 10 18
25 12 32
61 5 15
71 85 45
92 54 16
71 91 23
1 12 1
75 53 10
52 72 44
33 51 49
9 43 10
7 1 54
29 39 62
43 93 4
41 52 47
27 22 93
10 38 28
100 29 39
28 1 46
78 4 78
50 86 85
41 16 16
2 55 37
9 68 3
42 8 26
96 31 8
6 47 53
32 59 3
26 29 26
59 32 84
24 14 75
5 50 91
64 84 32
11 12 4
40 89 3
37 30 16
50 99 69
80 23 49
65 62 80
40 17 42
92 14 77
60 5 68
16 95 23
24 7 63
97 58 46
33 46 85
1 65 76
54 31 87
70 94 83
92 42 74
19 24 56
89 34 61
24 41 31
32 15 54
48 75 1
60 49 15
45 24 21
43 26 34
35 78 29
70 47 47
96 42 77
31 90 20
39 5 2
1 18 26
2 78 26
42 75 50
58 96 51
81 8 49
88 51 99
81 12 82
87 75 51
71 70 98
24 80 4
19 64 92
82 69 50
34 97 65
84 36 69
94 23 100
33 40 57
25 65 2
55 65 27
74 7 74
60 30 8
40 58 44
1 62 87
73 61 37
49 68 63
22 14 99
83 30 44
12 41 80
78 62 18
12 9 78
51 76 73
25 17 96
84 71 43
59 53 15
45 76 23
38 89 79
49 90 86
6 34 73
61 100 94
86 29 37
55 91 3
91 82 1
50 49 42
26 54 23
68 26 40
21 6 100
10 57 53
51 71 20
62 54 97
25 64 57
89 99 64
79 8 12
63 88 21
66 93 95
87 17 75
18 64 88
58 18 56
38 84 74
68 17 92
3 32 19
21 59 16
27 84 80
46 11 88
24 17 68
48 6 73
63 27 43
11 84 80
79 6 4
100 24 96
81 64 78
51 61 13
84 63 43
44 18 80
88 72 12
54 30 79
20 25 23
48 57 88
41 42 16
74 9 85
75 99 55
39 1 29
13 52 32
14 19 31
31 27 83
92 80 51
69 98 41
91 27 42
64 70 24
59 45 20
51 25 73
100 99 32
32 31 69
22 71 93
74 97 45
18 95 48
69 54 39
46 65 74
29 80 1
91 16 48
49 69 32
6 17 73
37 56 57
40 66 34
94 73 72
59 92 34
2 68 93
82 15 58
43 14 10
100 62 10
37 43 73
5 61 69
15 29 26
61 62 17
48 41 32
92 98 64
85 62 3
87 54 3
78 34 72
28 71 88
73 39 84
63 80 23
14 54 99
88 74 49
15 9 15
19 69 59
95 20 8
47 93 26
26 49 98
35 59 16
94 9 37
34 60 12
4 60 67
93 30 58
83 51 61
17 47 84
57 26 67
19 33 69
73 13 75
72 75 75
61 17 72
30 38 98
74 94 7
35 3 57
10 91 92
12 68 8
60 40 40
98 3 50
43 87 100
68 64 16
100 73 98
100 52 29
24 61 81
6 57 8
84 59 17
7 82 18
8 67 66
6 70 1
59 84 39
81 44 51
98 25 1
2 41 80
88 20 40
2 82 87
87 13 93
3 22 38
43 87 64
6 93 35
36 13 69
97 1 68
6 33 35
59 51 80
79 82 59
96 80 13
24 73 41
39 89 21
13 48 59
11 93 72
48 47 88
72 12 45
20 40 54
72 57 98
57 65 48
41 44 36
62 42 15
85 43 61
58 29 46
13 24 92
15 53 33
57 24 52
53 93 13
36 92 41
98 74 67
8 95 22
81 38 9
45 28 70
92 57 94
22 25 34
17 52 81
82 10 31
59 51 90
52 27 8
7 43 28
8 98 34
70 56 8
64 97 50
70 36 61
51 86 81
91 65 39
62 92 31
25 71 73
47 34 94
95 93 73
65 58 86
94 37 26
76 51 71
22 97 2
92 49 96
2 6 82
47 92 23
3 19 20
34 42 98
90 48 81
31 37 54
73 25 97
32 62 73
44 27 76
18 63 28
81 83 54
81 40 52
56 93 56
63 56 80
27 58 61
33 9 5
46 75 75
17 54 87
28 60 40
36 96 14
89 38 29
5 74 57
40 45 22
30 52 66
37 56 18
62 72 85
10 72 18
32 77 3
34 55 56
49 15 53
65 15 65
58 73 18
18 68 94
8 46 22
70 77 27
8 33 13
6 45 81
7 99 65
52 37 75
35 76 31
97 32 46
70 90 26
28 77 38
16 42 70
16 79 8
23 74 22
55 21 55
55 65 43
70 49 63
72 100 43
90 30 58
83 65 11
76 12 75
82 66 29
25 56 58
87 19 13
90 3 92
81 92 81
51 31 19
61 70 1
62 43 30
63 9 62
70 54 48
27 49 6
33 5 73
100 25 93
38 74 62
26 28 21
12 15 39
84 54 61
73 98 52
16 46 2
72 15 91
40 82 96
23 21 89
22 32 47
87 25 82
95 96 85
24 84 28
15 20 97
43 69 96
73 43 53
100 14 57
100 41 75
61 58 61
58 60 74
85 62 31
76 59 63
31 98 26
36 95 35
39 51 38
41 44 92
42 75 4
92 58 78
45 92 85
85 62 21
59 31 24
7 22 29
37 11 18
74 80 44
1 82 60
49 87 60
51 89 77
92 27 71
5 65 78
24 78 33
31 36 87
89 65 4
27 8 19
91 54 85
89 32 63
13 99 24
17 39 11
2 1 62
61 35 35
65 16 93
57 94 32
92 74 66
8 95 90
2 54 70
59 78 85
20 48 58
43 32 62
38 39 5
65 36 38
46 29 57
63 5 94
45 12 80
73 56 54
50 92 22
73 60 58
35 36 44
13 43 68
28 60 97
71 56 86
35 97 69
53 71 31
30 92 49
20 65 52
32 93 24
29 88 73
54 57 30
78 28 61
28 80 8
45 67 91
93 91 41
99 95 28
57 88 18
15 39 100
14 6 94
27 88 99
36 38 52
33 8 32
16 100 99
89 6 59
77 100 59
96 100 32
18 38 100
79 55 20
73 15 1
61 70 99
96 56 15
83 97 65
4 28 8
91 82 71
91 7 95
64 1 2
44 87 82
34 35 46
63 34 57
46 66 8
23 49 51
64 100 57
97 71 84
40 76 90
40 36 73
37 57 97
21 96 19
61 48 26
87 87 85
1 91 37
62 46 94
41 4 18
43 12 66
38 82 7
16 79 17
22 56 9
15 22 34
71 3 25
39 97 85
1 8 74
93 47 88
25 15 16
73 22 100
71 77 9
95 69 69
92 58 97
11 35 32
75 36 2
11 32 96
34 79 72
78 8 85
65 89 11
54 60 33
85 80 83
61 82 91
62 69 77
10 59 39
15 65 96
34 18 31
30 91 71
1 57 58
72 66 19
5 73 62
91 64 58
34 56 11
31 66 91
21 5 13
45 43 41
30 81 22
77 80 19
47 30 21
90 63 41
84 96 11
88 97 80
90 14 58
85 22 61
3 30 53
64 80 34
16 52 59
47 87 30
65 66 88
12 85 1
51 20 4
73 7 62
49 79 23
100 41 19
91 89 11
65 49 63
6 44 61
98 95 8
37 94 58
60 75 9
18 57 37
43 85 42
90 88 63
24 31 36
74 54 57
37 86 35
6 89 51
64 95 5
68 54 84
63 60 72
20 57 52
50 9 57
31 6 24
98 82 72
86 87 53
69 2 82
8 84 54
58 83 42
73 15 72
92 84 69
42 63 6
44 7 32
71 83 15
62 100 99
16 37 64
36 42 9
74 88 28
64 91 7
83 49 56
54 67 94
89 43 96
41 70 86
62 19 42
44 76 62
47 89 67
65 33 28
42 34 58
6 68 27
95 67 46
10 100 43
23 8 3
33 62 69
35 51 26
11 80 49
86 97 60
63 12 75
53 10 56
19 77 74
26 50 7
99 56 44
72 82 50
67 90 88
49 20 38
74 99 33
44 24 45
36 16 24
91 67 96
46 4 97
16 3 83
23 8 94
17 97 4
67 30 25
10 39 56
82 10 5
73 32 58
56 82 14
78 86 15
9 94 29
15 63 31
36 78 76
44 41 42
7 73 98
5 32 35
78 15 67
88 91 31
36 10 26
51 68 35
59 74 89
95 18 36
3 45 83
25 80 17
67 90 62
63 55 87
87 54 78
2 58 71
19 47 93
24 17 83
66 6 56
82 92 51
14 71 14
27 86 94
75 5 36
42 31 45
70 86 26
5 15 58
19 44 66
63 67 5
6 59 76
68 9 40
40 70 80
72 63 84
2 54 78
62 65 4
42 64 18
32 97 89
91 74 52
14 56 28
90 31 24
73 69 24
22 95 75
45 28 72
80 76 23
13 59 43
65 94 87
67 13 78
16 30 57
7 87 2
61 13 95
71 63 92
58 83 15
33 32 42
11 66 34
61 61 14
64 47 89
23 53 59
49 8 12
1 66 43
44 56 25
96 52 73
40 4 38
61 32 92
11 74 80
26 12 4
64 47 95
12 48 92
16 83 11
2 43 40
4 36 85
59 76 55
27 49 62
46 62 33
65 17 52
26 100 85
4 76 8
54 82 45
54 99 50
84 44 75
11 52 86
9 8 71
54 39 3
91 6 21
30 39 98
16 96 76
82 42 19
6 69 12
68 78 16
6 49 65
70 76 55
46 73 31
5 49 83
12 8 32
79 81 69
60 78 13
49 5 7
13 40 29
59 92 41
54 1 61
38 43 70
93 15 92
32 88 6
29 31 97
79 98 13
94 5 52
47 7 37
66 85 46
57 79 49
56 74 35
90 34 32
65 16 74
64 71 36
95 29 98
5 20 14
98 93 9
31 62 55
79 71 29
59 82 51
92 73 78
57 92 2
59 68 40
19 63 72
68 68 53
86 57 95
87 11 49
38 25 54
59 19 97
83 88 66
8 57 49
29 63 48
57 85 43
58 51 77
51 13 65
76 39 19
25 39 11
12 93 5
98 24 70
40 21 33
9 28 92
64 9 54
23 10 78
40 23 17
47 37 31
53 64 69
50 5 11
46 79 67
56 25 57
29 92 44
14 1 18
29 39 100
21 21 49
7 75 74
45 86 24
54 19 62
96 14 17
3 38 96
81 51 40
10 1 11
80 88 46
28 89 16
75 61 41
56 79 55
92 12 91
5 65 66
51 75 92
28 29 51
51 73 95
13 18 5
6 96 35
52 55 44
36 17 22
18 92 4
7 30 57
97 25 25
42 27 14
73 42 78
41 50 5
57 10 79
95 41 24
81 72 63
98 67 26
45 32 71
34 93 62
9 42 69
37 11 56
91 21 62
100 8 17
80 41 28
10 22 78
11 88 37
96 91 66
8 14 43
11 34 68
91 3 86
23 57 21
95 55 100
80 68 68
99 77 76
10 34 14
7 34 14
37 37 58
71 89 71
18 16 21
97 6 29
48 79 92
88 24 8
86 3 75
85 81 78
21 31 5
27 72 73
69 54 27
32 15 10
41 56 17
35 66 100
59 21 71
91 77 15
95 79 10
40 22 43
91 26 6
84 69 2
22 68 25
40 11 96
19 78 3
84 75 88
28 25 76
21 9 26
2 5 60
52 30 31
28 65 21
38 3 72
47 13 33
72 88 80
71 95 61
93 23 9
48 72 81
14 64 55
74 4 63
99 33 62
55 32 62
3 69 27
93 63 59
90 57 42
5 56 6
5 41 40
64 85 23
2 28 67
28 73 58
78 93 95
69 98 40
78 100 78
78 75 78
49 32 75
45 76 80
66 57 56
64 16 27
55 82 18
9 74 91
41 64 14
30 76 37
60 18 59
18 8 52
81 52 41
42 26 46
44 64 10
90 82 74
27 52 27
32 29 17
69 74 49
85 6 99
87 88 11
32 21 99
83 47 70
79 60 26
28 60 60
83 91 60
43 38 18
31 1 1
35 47 60
24 34 37
61 84 90
54 72 43
70 29 61
47 21 57
65 36 65
75 70 4
61 39 92
32 24 8
82 65 34
19 5 34
12 48 67
10 77 91
55 66 28
6 4 24
79 32 61
67 17 7
41 87 25
31 93 41
27 54 60
84 29 89
94 16 95
57 44 55
55 36 95
86 44 15
95 86 82
35 24 56
8 19 22
44 46 41
10 89 50
15 1 22
93 78 67
73 18 26
9 5 100
72 81 11
31 27 39
41 61 30
41 18 21
13 79 3
12 76 86
19 5 29
84 19 100
93 73 21
23 37 72
18 69 7
56 36 79
84 94 21
73 38 2
62 42 75
70 4 100
68 38 56
71 28 77
59 22 98
96 9 69
23 79 16
33 5 42
13 65 72
2 58 37
6 32 59
30 53 73
43 90 18
50 35 46
10 68 78
61 58 4
77 35 83
96 17 85
39 36 27
24 96 33
20 10 22
86 30 100
57 90 92
48 57 81
89 96 41
37 72 80
60 84 80
79 67 61
83 40 84
9 70 74
71 69 67
38 67 18
30 22 5
48 23 49
89 16 1
54 19 68
98 56 12
73 54 27
61 30 92
42 45 39
33 10 15
37 36 56
95 36 12
70 70 32
4 6 99
86 48 12
81 82 26
27 22 27
72 8 30
17 98 40
16 51 33
24 74 97
17 94 89
22 87 13
16 20 59
17 33 40
78 58 26
74 77 13
11 1 62
78 14 63
55 73 27
88 65 35
41 98 15
24 62 22
100 79 27
5 88 93
53 58 34
8 9 96
67 89 34
60 11 58
44 29 33
37 81 84
49 20 4
82 86 10
39 81 71
72 86 48
3 59 67
43 72 22
69 44 89
31 59 35
32 73 93
6 43 53
3 68 83
92 83 55
59 49 1
66 43 24
38 28 76
2 13 61
21 40 79
18 89 48
51 43 12
26 54 25
56 65 59
27 44 9
69 16 36
69 40 66
40 83 59
37 12 27
53 13 29
82 15 66
48 59 36
80 32 48
60 77 82
32 23 99
67 68 24
85 51 16
38 4 43
85 9 51
65 1 86
58 11 19
64 77 51
84 17 6
55 23 66
59 44 78
11 17 93
21 98 10
62 44 9
82 68 81
32 10 48
80 93 98
35 21 44
70 100 60
31 68 42
34 43 64
58 59 69
44 13 88
59 7 34
5 96 54
58 85 51
15 26 65
93 98 98
62 5 81
33 86 16
10 52 55
10 89 60
36 27 49
21 37 81
37 60 74
55 12 94
11 15 88
93 71 26
97 100 55
4 46 68
63 95 62
38 76 4
56 98 41
56 28 69
60 98 6
34 91 91
6 7 17
16 7 10
7 16 24
48 100 52
29 23 70
28 26 100
67 21 95
47 21 37
16 94 68
19 20 10
89 51 34
2 69 26
35 6 40
39 87 79
62 99 94
4 8 11
99 37 98
84 65 25
92 44 54
60 31 64
54 87 71
7 8 2
92 16 92
83 42 28
37 88 51
79 34 49
63 93 72
29 98 74
86 91 74
31 22 6
87 97 56
76 30 87
49 92 34
71 10 15
66 42 71
80 43 81
75 21 62
69 74 57
95 40 79
69 17 78
47 52 2
85 54 3
33 76 41
31 83 43
94 12 84
18 21 2
4 65 3
43 54 8
57 21 5
48 86 19
18 47 86
47 86 62
76 50 36
29 76 80
55 60 46
60 38 66
94 15 93
67 13 25
94 52 56
48 88 6
73 42 87
12 7 95
68 10 7
19 60 14
69 70 46
66 4 13
34 84 43
59 78 26
29 94 43
7 100 31
87 76 62
4 99 16
49 51 36
5 42 33
93 52 93
58 39 16
67 5 96
96 8 68
26 87 39
57 71 92
41 17 80
16 79 10
91 28 13
16 66 69
9 76 25
33 43 79
92 7 39
23 11 48
52 25 15
74 60 36
73 32 98
90 30 39
91 80 90
70 47 97
22 84 88
7 98 56
69 58 15
63 44 46
7 50 12
44 63 47
70 58 54
77 52 28
32 37 19
62 96 44
62 43 68
31 51 12
20 58 36
95 86 92
62 64 57
13 96 17
19 74 59
31 5 98
67 56 15
41 69 20
58 21 75
81 20 74
90 86 74
41 19 41
7 18 2
64 44 93
99 93 43
94 10 35
15 44 10
17 100 65
7 7 71
94 50 64
17 77 93
53 24 100
4 8 95
80 78 45
92 59 54
96 84 76
39 34 67
72 42 73
89 75 39
93 40 38
66 99 53
8 29 65
70 99 20
30 67 95
76 45 86
86 17 89
92 96 18
56 13 51
67 60 87
40 51 51
16 69 68
71 50 34
37 34 54
6 58 72
5 43 83
11 57 74
23 85 43
94 12 92
10 33 36
55 42 28
38 90 92
95 12 31
10 8 85
96 1 50
43 28 18
23 55 15
62 76 41
39 43 45
39 80 41
36 38 13
58 6 36
36 67 25
33 64 99
26 29 67
73 18 99
58 41 81
72 1 28
67 78 95
83 22 97
40 35 62
65 83 99
11 38 22
29 94 56
53 66 47
85 15 13
63 26 37
20 35 27
85 92 63
55 71 39
61 81 38
15 86 24
1 52 8
50 81 51
42 92 55
43 81 2
84 94 75
11 34 78
58 18 27
45 36 80
72 62 34
39 23 21
28 88 98
31 10 26
27 8 65
66 62 22
18 10 86
51 24 2
80 86 94
19 3 91
79 13 29
25 9 79
35 98 57
69 38 39
24 81 6
60 56 26
45 31 7
55 85 29
9 73 8
66 62 57
17 43 55
17 39 1
69 85 70
73 11 50
26 75 72
75 32 92
70 92 37
14 56 20
9 62 31
90 57 20
19 40 41
40 68 81
33 32 31
53 44 75
17 88 94
100 92 32
91 88 100
47 13 70
76 21 51
17 81 30
76 70 6
40 11 6
54 32 65
23 63 48
89 31 56
54 53 55
30 32 81
2 92 92
97 61 28
94 89 16
35 44 97
62 40 94
51 70 94
24 99 38
49 89 6
93 46 21
32 58 10
87 68 21
4 58 10
9 77 71
64 83 81
25 26 33
56 100 33
36 95 42
92 29 56
96 13 34
22 77 70
86 82 82
35 62 43
98 12 60
4 77 12
2 100 21
78 95 85
76 41 59
53 81 19
76 61 69
79 65 56
30 3 83
96 56 77
11 74 36
26 4 64
62 6 62
11 99 35
24 74 69
60 23 77
43 81 55
57 80 21
67 60 7
17 77 25
1 20 76
91 52 97
58 3 84
100 19 38
56 9 72
68 39 56
28 42 25
18 73 73
85 21 31
59 73 13
47 5 5
63 35 100
61 12 90
95 58 95
23 45 92
81 86 59
18 10 27
16 42 5
16 56 69
68 98 96
51 66 47
64 44 98
39 97 87
72 68 38
88 52 40
81 6 23
48 2 6
70 72 3
11 51 82
72 47 19
82 64 26
90 16 17
34 9 85
68 76 21
4 56 51
61 14 41
23 66 8
10 63 5
45 56 100
19 9 86
47 72 82
21 86 37
9 22 32
43 51 99
58 30 70
43 93 80
88 41 46
91 72 12
98 97 33
74 60 25
55 26 9
81 63 25
38 16 11
33 89 18
17 93 98
43 46 65
24 11 14
78 73 17
94 13 26
19 9 57
40 87 13
4 9 64
44 8 40
90 63 70
4 89 5
39 87 9
52 43 38
72 69 19
46 29 3
16 87 60
3 98 84
46 31 88
7 59 10
60 29 84
87 31 91
16 58 55
38 39 19
81 77 21
8 40 21
18 64 12
97 22 15
76 4 21
17 13 52
16 55 71
28 86 52
22 85 31
9 75 63
2 81 63
60 52 76
17 31 93
31 24 92
79 76 99
91 49 47
68 22 5
74 68 7
3 14 44
3 58 32
15 49 94
60 24 24
88 60 35
72 93 45
13 44 53
70 91 41
33 61 41
35 53 28
59 3 51
29 77 67
89 7 69
73 90 69
58 63 28
45 1 88
15 6 39
6 54 14
21 40 14
55 15 26
71 48 33
55 68 89
33 19 52
45 55 19
71 21 15
94 82 9
43 6 10
97 57 49
85 79 100
46 51 25
72 95 53
27 1 8
99 42 48
42 95 38
80 78 36
34 99 10
13 31 18
59 19 88
73 28 41
33 84 23
86 42 18
78 90 48
63 70 50
31 1 44
50 75 45
43 45 13
24 6 41
28 21 78
97 86 29
17 24 21
78 9 47
44 54 40
2 39 3
20 81 70
25 65 78
15 32 6
88 70 92
14 53 50
80 61 77
58 86 100
52 54 85
93 59 37
52 95 48
25 62 67
95 21 80
29 89 90
39 38 78
12 29 38
83 33 11
61 11 74
55 19 51
13 45 42
26 86 11
81 54 57
87 19 85
38 77 60
76 17 29
16 46 41
33 58 74
20 31 57
54 40 70
15 56 45
34 58 75
3 1 21
55 79 7
55 26 87
22 75 7
23 27 92
33 88 36
31 30 19
91 47 30
25 49 9
59 10 45
50 78 28
16 3 63
28 52 40
55 33 49
61 99 45
96 9 50
84 84 64
91 75 31
56 93 29
13 100 59
1 33 54
76 61 1
27 66 28
80 58 23
40 19 77
66 46 52
8 71 19
71 32 5
7 96 79
8 20 78
40 90 94
94 73 41
18 31 74
72 58 42
48 67 84
80 85 57
35 15 20
12 67 82
73 20 91
60 1 33
42 64 69
79 23 88
56 32 15
24 98 97
58 79 15
59 57 15
9 89 74
82 71 86
9 73 70
64 40 34
30 80 31
78 15 66
46 84 95
86 68 66
41 13 80
89 94 74
99 25 7
4 86 52
54 32 73
75 60 13
73 71 6
16 83 61
51 47 67
13 69 66
100 86 66
20 65 78
31 88 90
42 100 3
33 17 24
83 79 6
85 79 55
53 48 94
61 53 75
58 17 55
55 93 41
28 9 82
1 90 68
2 85 10
5 47 7
13 51 59
83 100 79
2 1 74
9 77 99
30 65 3
88 3 76
14 77 71
62 43 31
7 1 20
62 21 45
6 60 21
4 43 93
38 68 46
16 17 16
46 12 64
24 74 17
24 29 70
82 61 69
55 31 39
39 29 7
62 52 58
13 88 47
75 29 8
42 59 95
15 26 40
83 38 12
91 27 82
98 16 62
68 38 39
89 85 86
29 13 63
42 90 66
59 47 5
43 13 68
38 54 54
23 84 73
49 37 14
19 34 79
57 70 25
46 93 50
74 70 5
69 46 55
53 97 100
13 86 6
55 62 53
34 77 58
66 58 61
47 11 76
98 15 4
46 47 36
98 22 80
54 1 13
99 40 69
60 57 96
80 40 12
53 33 22
60 52 21
26 41 19
86 62 100
87 6 22
56 8 78
84 29 91
44 14 80
3 88 59
53 1 27
7 9 43
46 98 96
93 33 93
63 23 40
34 32 2
27 94 46
26 34 64
17 96 71
36 59 50
92 77 13
80 50 21
61 50 57
11 60 20
3 19 17
85 23 43
92 45 70
70 70 34
96 75 18
38 33 71
29 36 64
90 71 92
34 100 18
93 76 17
24 38 62
16 48 44
20 10 82
80 91 89
60 64 53
8 62 33
87 50 18
61 40 83
25 11 46
77 46 84
76 90 49
43 12 76
28 92 35
38 53 18
55 49 48
97 98 39
4 53 40
83 10 25
87 87 67
78 71 84
34 47 18
77 29 70
62 59 56
98 1 43
94 73 86
64 45 4
45 93 52
53 37 17
60 85 7
79 39 64
88 73 58
26 68 87
74 96 50
8 30 92
48 66 60
94 95 92
68 61 60
69 51 94
6 83 50
11 11 10
99 35 22
60 61 62
52 98 32
21 92 49
36 20 93
30 15 32
35 19 57
24 25 32
8 99 82
51 98 93
35 80 42
12 81 8
88 21 84
97 49 64
19 44 99
45 81 96
59 33 9
38 60 41
18 57 83
53 69 35
24 10 15
62 29 22
52 95 4
49 42 73
75 6 20
66 75 98
50 27 56
17 98 69
56 16 49
29 37 32
96 96 98
34 59 91
86 42 23
8 86 61
4 57 61
74 82 23
71 46 10
67 55 86
61 68 23
18 44 26
9 63 82
46 90 21
71 36 47
88 19 22
37 5 88
62 44 94
66 19 92
78 35 1
19 6 3
99 27 37
73 79 23
43 40 13
89 47 75
68 20 91
40 58 88
77 69 67
66 11 15
94 90 55
15 92 33
78 51 74
88 27 22
78 91 24
30 33 35
68 99 12
99 36 9
33 38 13
70 5 53
52 94 76
49 78 32
1 79 89
62 73 16
71 6 55
6 90 23
30 72 13
3 58 62
59 62 29
44 2 53
90 13 39
42 85 73
9 32 91
47 40 31
68 26 53
89 54 7
28 96 4
7 33 59
81 92 19
21 99 74
51 77 49
44 45 64
65 9 26
41 42 93
55 39 78
25 65 90
44 86 30
40 6 30
72 87 46
82 53 79
19 75 27
94 51 16
78 16 71
30 76 61
19 43 73
42 41 82
32 35 100
51 82 12
94 75 58
87 63 46
21 38 93
57 76 31
82 52 5
9 77 80
51 11 45
55 71 90
3 12 56
67 47 91
90 27 50
67 23 79
16 38 34
2 73 30
90 62 14
56 59 79
81 55 32
50 81 12
60 34 81
97 31 26
4 53 94
66 36 81
64 44 8
25 65 78
30 15 39
38 30 73
51 59 97
42 37 56
98 78 30
100 47 71
84 4 100
53 20 12
66 11 55
8 71 28
93 79 90
55 12 31
98 82 78
61 87 27
100 76 73
34 47 41
69 87 75
20 42 64
70 6 17
39 26 96
46 66 48
85 20 12
62 37 75
3 88 40
28 72 96
22 69 27
11 48 43
57 44 68
46 93 88
39 49 66
68 57 20
67 4 46
15 88 60
28 36 77
72 28 76
17 49 6
34 61 75
29 69 21
44 23 33
4 31 36
14 99 69
33 49 27
53 17 24
100 18 24
73 39 100
82 47 44
95 71 97
25 55 73
27 34 25
85 74 25
11 60 92
36 85 37
26 47 36
16 80 92
4 13 19
37 97 42
73 16 62
51 13 82
7 88 89
86 29 30
14 69 84
40 39 75
68 18 23
2 57 59
93 20 34
83 93 35
78 91 53
24 58 73
30 4 50
65 86 35
47 38 80
31 65 24
75 9 99
46 62 100
40 91 60
87 5 14
68 22 25
42 89 21
48 53 85
39 65 53
60 85 59
94 24 95
55 51 91
42 16 87
81 29 84
28 1 14
3 26 15
85 31 70
56 54 63
75 34 48
24 3 13
74 1 48
15 70 62
45 37 50
57 79 88
78 18 93
48 53 6
31 15 48
59 24 69
37 98 15
99 62 38
28 15 32
77 57 44
3 1 51
79 24 97
68 10 46
77 66 40
64 57 53
95 95 42
27 90 16
68 49 62
17 60 23
24 36 27
97 32 78
61 17 87
69 32 44
35 46 95
92 31 74
84 44 91
23 48 56
9 36 22
9 71 5
49 29 41
74 88 36
14 35 57
22 47 25
34 65 36
72 25 79
96 73 95
69 32 99
64 75 27
45 85 7
37 51 70
78 30 26
91 90 10
71 31 59
56 32 36
5 100 30
66 66 98
91 66 38
89 52 71
27 28 87
62 36 100
62 75 33
43 99 72
36 41 69
24 15 78
50 37 38
44 71 64
38 67 77
98 64 62
56 77 48
80 57 87
62 41 38
23 30 40
59 63 56
66 5 47
99 85 50
4 83 11
40 80 50
29 50 21
100 76 5
37 79 23
81 26 2
99 80 12
50 9 52
92 99 54
84 42 18
37 93 23
28 81 79
29 51 1
8 25 12
59 82 84
96 69 1
50 12 83
35 55 93
61 47 23
14 60 57
62 49 54
79 53 4
95 42 80
20 79 41
85 1 77
4 94 98
54 97 67
16 20 47
43 86 2
7 93 99
73 100 54
67 51 44
90 49 100
29 81 46
55 26 97
24 29 86
30 13 65
59 29 95
6 52 18
93 14 26
37 24 88
57 79 17
26 71 27
86 13 54
100 76 61
19 78 79
12 56 97
6 24 1
41 31 70
75 93 55
59 58 83
23 89 65
57 30 81
1 14 43
85 59 80
59 53 59
22 12 8
10 75 57
81 16 93
81 79 11
55 88 63
100 15 14
1 3 8
47 74 54
29 24 8
47 25 47
31 8 67
49 9 60
39 89 46
28 59 10
62 68 29
3 47 19
1 75 75
71 79 40
27 50 43
49 19 67
37 95 67
60 59 28
85 7 90
67 37 89
58 64 30
3 95 49
7 45 13
56 23 10
59 67 93
57 48 74
21 13 30
87 52 64
96 47 15
82 59 6
95 66 74
57 47 91
20 5 87
40 36 95
70 22 23
55 20 6
24 26 35
83 17 36
44 67 13
8 100 50
100 87 20
25 55 19
66 68 85
64 91 41
32 78 11
1 20 46
100 14 15
83 56 93
53 18 17
99 83 82
82 78 39
37 100 8
62 4 54
90 26 61
47 32 3
36 31 67
54 25 1
13 70 65
20 53 11
84 76 42
24 68 61
22 64 21
79 3 45
18 36 26
18 37 63
37 84 52
33 38 32
71 67 23
7 54 64
61 7 6
77 5 17
36 55 34
80 86 65
60 22 63
83 51 34
11 78 99
51 4 34
92 71 20
98 59 12
7 19 88
68 97 100
56 87 37
15 70 35
85 21 1
96 82 60
33 90 68
10 63 12
47 5 29
31 25 50
11 68 76
98 91 39
17 37 18
81 10 30
31 37 38
49 72 95
86 21 41
61 20 89
5 56 60
94 39 83
66 70 9
47 57 28
24 39 97
28 45 67
73 86 60
69 76 63
34 83 89
25 98 44
30 1 77
85 21 42
84 12 46
52 73 97
82 18 65
58 66 65
71 33 93
23 6 12
35 49 66
28 98 25
44 79 58
8 75 5
37 60 63
30 58 66
89 47 19
79 45 38
83 40 25
99 26 28
55 5 8
61 91 43
80 48 43
69 69 83
86 99 12
80 52 88
77 69 19
43 9 67
49 19 9
61 10 42
72 97 33
65 71 60
48 27 85
99 80 79
11 74 67
19 70 99
28 55 20
37 93 3
74 91 64
3 67 75
80 17 23
27 4 56
3 91 86
39 88 88
10 5 59
13 82 93
11 97 58
23 43 30
81 18 11
46 42 32
66 39 45
47 39 9
14 90 84
40 9 37
41 50 5
30 86 84
79 10 31
57 42 47
36 24 47
52 5 92
75 38 18
10 90 30
4 79 77
10 95 96
44 56 96
82 97 19
79 19 37
72 14 3
100 76 34
23 85 61
62 78 72
66 25 78
87 29 70
6 40 36
28 82 53
81 32 7
67 71 98
54 85 73
92 35 73
26 43 51
85 37 91
47 8 52
62 24 96
93 41 33
47 46 10
96 66 22
63 34 30
40 89 8
3 96 81
94 68 64
7 8 32
85 41 52
67 84 59
68 60 32
13 9 51
70 42 13
88 57 84
82 22 35
57 91 51
73 29 68
65 27 31
21 42 72
18 44 57
17 52 90
16 44 90
33 47 13
39 8 75
84 59 83
32 7 81
13 97 88
52 20 69
18 43 56
7 61 96
60 83 24
34 42 28
59 84 78
71 66 42
39 22 97
56 74 71
18 18 32
16 69 10
22 75 99
66 3 54
66 81 3
12 92 53
32 68 91
43 79 16
66 34 84
79 71 3
58 63 29
43 58 65
88 39 2
71 67 20
4 16 38
71 65 89
6 20 52
76 83 31
12 52 49
20 65 76
10 4 55
1 83 46
88 28 6
28 1 65
17 7 93
29 74 29
39 4 98
28 29 67
43 5 10
90 22 68
52 30 71
24 18 75
58 63 46
93 46 75
83 98 39
48 15 81
60 90 16
79 96 68
65 62 4
15 52 23
10 9 70
56 40 85
47 87 7
47 8 43
88 61 71
65 58 13
22 68 90
96 93 17
19 49 2
77 16 6
74 24 25
51 79 64
83 32 52
69 77 33
42 51 92
7 25 46
10 18 50
5 50 54
97 87 20
34 25 75
85 35 1
14 14 55
3 48 51
97 88 27
2 54 3
97 30 31
94 86 38
38 11 5
14 15 72
11 6 12
95 82 34
20 49 53
22 17 46
85 16 100
24 19 91
82 81 25
50 90 21
20 66 10
13 36 13
53 51 59
70 98 66
12 95 90
4 83 1
64 83 7
54 2 74
100 35 84
79 67 53
89 66 64
56 46 75
70 40 31
9 7 48
69 31 10
56 50 33
42 6 12
20 81 9
65 46 23
43 41 40
42 2 6
78 6 2
20 91 58
37 41 71
49 91 60
50 56 61
86 41 5
10 42 59
29 66 90
10 35 31
44 82 27
80 99 88
95 65 91
80 89 38
78 64 79
57 20 71
25 70 60
34 72 61
62 70 37
23 22 65
84 42 53
7 66 6
66 5 38
96 37 69
75 69 72
88 72 7
20 61 79
88 14 28
88 70 15
47 18 18
91 68 98
69 22 20
39 85 45
76 99 40
66 55 76
4 26 16
77 52 17
46 40 82
50 97 12
86 74 55
11 70 58
53 85 84
28 33 62
50 18 58
54 77 3
14 44 6
44 43 72
82 67 12
9 84 34
40 76 33
6 15 78
83 92 72
70 7 10
74 66 69
99 50 92
15 48 79
14 87 82
6 31 33
41 45 69
78 100 10
84 22 40
65 89 77
31 15 68
61 17 31
100 87 26
20 80 89
12 100 15
27 16 92
46 71 23
63 86 12
23 89 45
94 63 86
61 61 41
25 80 98
76 44 4
3 93 25
19 35 67
26 63 63
58 77 51
86 18 64
22 6 30
9 58 84
12 90 30
5 13 11
12 68 84
45 57 13
91 8 11
71 34 64
46 22 28
14 36 66
6 62 18
37 47 68
31 57 78
8 27 83
90 71 98
97 60 89
17 49 15
29 38 23
33 60 71
19 58 6
68 25 22
18 86 4
69 57 93
21 78 22
42 30 46
29 86 77
22 30 2
87 59 85
71 47 59
69 20 44
85 86 36
61 11 28
61 90 79
57 94 68
32 75 25
66 3 100
38 54 66
42 89 44
10 16 51
37 37 74
7 16 55
69 94 30
28 72 81
97 79 26
53 29 11
74 5 35
23 40 64
74 37 39
50 22 28
44 21 95
38 25 36
64 13 7
8 78 86
70 96 13
84 36 35
69 31 77
74 1 53
74 79 85
91 83 40
3 93 99
53 77 91
96 93 50
11 89 41
7 80 81
83 20 58
54 82 31
69 82 79
21 56 49
8 48 47
87 89 86
16 81 39
49 91 80
48 48 61
71 6 49
95 95 34
83 77 72
21 92 41
38 61 77
34 21 49
99 33 75
95 63 31
53 75 29
55 6 19
28 36 47
66 61 74
82 44 27
89 95 32
8 30 57
88 71 82
67 84 18
34 11 11
66 1 23
62 85 82
20 79 84
82 87 69
31 58 56
70 83 30
58 83 51
40 51 64
42 36 31
68 48 10
59 32 71
38 12 36
63 9 67
43 67 20
83 59 23
46 75 44
39 12 5
27 64 1
24 61 86
16 91 90
34 28 51
52 47 62
11 83 25
11 75 38
89 11 50
77 8 3
32 18 7
99 65 71
4 34 88
66 59 98
69 5 12
25 23 29
97 13 5
33 75 53
75 87 91
21 84 54
47 81 28
40 87 7
69 8 34
37 31 96
74 78 49
97 37 72
38 56 49
43 61 21
74 51 53
7 7 76
30 66 16
27 1 77
99 8 70
16 15 74
4 91 33
84 2 94
90 18 62
77 98 72
23 83 70
52 12 58
47 82 23
53 66 77
32 26 20
86 59 17
59 76 21
63 58 64
56 85 82
38 13 43
31 77 20
40 3 60
23 92 50
93 52 52
42 68 41
3 89 5
77 14 9
8 29 68
52 74 36
73 62 65
80 52 61
72 31 90
56 56 4
68 36 79
20 18 19
36 47 28
90 45 35
80 86 34
19 5 51
50 37 30
22 70 24
90 1 58
5 48 74
64 13 71
5 50 87
32 14 44
32 45 99
74 13 74
86 16 40
75 31 20
20 64 34
86 23 18
40 91 13
51 5 31
23 33 97
72 90 52
19 93 67
33 76 45
28 60 60
1 76 62
81 52 4
100 9 64
18 23 53
7 27 93
84 30 74
74 56 95
92 76 78
50 87 45
17 52 83
10 65 87
39 78 31
54 5 49
96 33 49
59 72 99
100 53 40
44 58 69
27 30 41
71 62 27
41 97 87
28 22 57
97 78 81
90 31 90
100 27 50
49 36 36
41 17 8
27 68 18
59 16 81
24 70 2
52 22 22
41 68 74
86 72 27
35 94 7
83 64 20
75 88 75
2 11 32
2 53 11
53 79 41
17 26 43
11 75 27
40 76 16
74 72 7
47 4 98
26 73 9
21 65 72
34 79 53
44 41 27
85 90 71
44 52 93
30 2 47
48 88 12
12 51 64
23 55 66
72 98 37
64 21 43
64 90 76
46 40 26
41 46 60
83 26 40
52 99 89
93 58 33
95 20 18
98 10 92
85 10 26
19 99 12
5 39 97
65 65 52
62 83 19
9 93 87
29 100 24
89 51 79
52 20 63
20 34 1
49 41 34
6 87 74
31 32 86
25 55 38
45 68 89
13 34 86
36 76 20
39 6 41
93 26 46
19 37 41
84 59 11
8 100 26
95 39 75
49 29 82
30 16 14
19 91 89
44 18 2
4 9 38
44 96 1
85 76 89
37 98 12
74 30 51
95 11 89
49 5 51
89 16 86
15 6 24
53 43 45
98 6 7
70 81 91
42 49 96
61 43 54
20 29 32
96 36 17
96 46 61
26 54 98
97 93 64
18 80 51
18 43 97
20 63 68
23 52 7
36 19 9
11 38 63
17 26 43
1 49 25
14 66 82
1 36 3
12 38 5
46 93 59
99 94 81
10 62 24
85 18 22
78 4 55
34 90 86
72 50 64
80 6 96
25 1 9
3 80 49
9 20 15
91 11 86
95 12 3
65 33 51
52 12 13
39 3 97
13 94 49
5 55 88
100 81 61
95 6 15
10 83 73
15 74 97
55 23 2
58 86 77
46 14 5
52 72 50
85 73 17
71 94 37
28 17 70
80 3 92
68 17 15
31 99 89
60 59 22
70 65 70
68 53 94
49 65 80
59 72 87
46 22 46
15 20 18
9 88 59
66 44 95
48 41 92
90 63 64
44 14 19
3 21 88
18 61 90
27 55 42
57 48 10
7 43 16
44 17 19
23 59 7
99 78 35
90 62 34
81 15 38
73 78 44
6 6 12
57 84 96
76 93 26
93 91 37
70 77 36
48 40 38
47 78 28
74 48 41
42 8 42
16 7 57
92 35 73
79 22 79
98 12 18
8 2 44
65 3 83
9 32 57
70 93 29
58 77 7
63 5 55
71 79 80
37 2 79
74 3 45
5 98 30
59 46 44
53 71 73
42 78 65
84 3 89
28 38 75
80 73 2
28 70 19
83 75 82
58 97 12
59 62 49
51 58 1
65 43 16
29 59 1
79 65 88
62 4 60
5 66 71
87 26 69
70 8 100
8 43 91
73 73 34
6 5 29
4 65 40
86 58 75
75 21 49
77 17 38
35 36 4
63 28 79
56 35 36
19 72 64
64 22 99
97 19 3
86 29 42
84 93 1
92 64 68
93 34 24
9 31 59
56 56 29
80 71 91
36 30 15
91 6 41
87 63 12
82 47 20
22 5 38
82 29 25
100 7 62
36 48 18
13 75 77
32 20 55
60 11 51
75 4 99
62 6 22
93 50 44
81 10 58
53 23 6
40 2 47
12 47 25
23 79 68
7 53 62
38 73 97
36 64 53
90 57 9
39 14 26
19 36 22
29 37 26
87 86 91
78 90 74
45 35 9
64 76 16
23 11 64
78 92 42
47 52 26
60 35 23
48 85 19
46 100 1
56 19 29
72 11 65
28 6 68
79 92 22
73 37 84
70 92 41
83 9 88
4 19 6
15 12 12
1 90 91
85 53 78
86 86 85
2 80 97
59 55 13
98 55 47
51 10 64
26 40 35
70 95 50
62 28 62
21 78 40
20 43 49
90 28 6
2 30 26
58 85 59
14 65 77
65 22 57
60 37 89
70 100 80
52 89 49
78 79 65
22 50 49
13 78 64
2 6 24
90 13 59
69 3 6
67 79 10
66 92 22
20 42 58
93 51 7
98 94 23
99 69 47
37 57 5
50 10 23
72 34 37
57 52 56
42 83 95
16 60 35
3 56 6
13 14 43
51 52 40
32 76 21
86 6 58
52 64 8
13 88 22
62 91 72
49 35 10
84 12 22
70 57 54
79 27 96
100 18 72
43 32 52
12 38 74
35 94 63
9 89 48
72 65 25
88 84 84
84 84 45
32 31 16
37 10 22
66 46 13
46 50 100
29 72 20
54 30 6
76 12 44
7 28 23
37 7 33
56 28 53
11 40 21
64 71 57
22 1 40
97 45 43
22 67 43
26 12 40
58 26 48
100 66 36
25 19 7
7 32 23
42 29 1
58 77 85
57 94 58
73 65 85
84 12 18
36 79 86
48 52 22
89 46 23
94 48 75
1 4 91
47 23 84
41 87 2
42 62 8
44 3 17
20 87 94
63 8 32
68 34 55
15 61 65
50 38 1
9 85 84
95 89 37
39 98 95
60 77 1
94 75 52
17 81 34
71 51 2
67 17 11
84 5 17
93 18 8
31 58 17
12 85 3
74 6 22
86 93 10
50 59 62
50 48 27
98 35 48
55 33 51
8 19 99
60 85 61
38 25 20
45 7 39
79 84 9
62 6 59
3 2 94
46 14 5
50 49 6
34 94 29
46 1 9
16 4 54
19 64 99
24 59 63
4 31 28
1 48 69
70 70 27
95 8 71
46 24 8
15 3 36
87 19 91
31 49 35
46 44 44
19 7 92
1 3 14
84 28 56
45 4 50
97 51 14
74 37 74
11 80 46
93 57 88
19 65 87
50 35 61
5 32 15
4 35 19
54 55 2
52 11 13
70 26 80
82 59 84
54 21 95
44 62 26
92 7 39
20 51 41
49 13 2
86 58 62
97 15 19
46 72 71
72 100 50
22 17 65
41 59 21
84 95 30
61 32 34
56 17 92
69 11 60
62 91 55
29 95 20
3 3 40
18 6 65
5 90 54
91 90 1
86 5 35
47 52 30
26 35 34
58 93 60
42 60 9
43 94 16
41 61 34
5 28 46
57 19 82
94 22 51
75 75 46
88 58 91
16 54 37
74 6 34
22 9 40
82 37 23
16 3 37
85 23 17
74 74 27
50 1 12
26 19 52
42 55 64
92 63 100
91 95 68
3 81 64
50 7 69
59 11 44
94 47 75
84 96 26
47 16 38
19 5 54
59 3 35
8 38 30
99 94 61
30 40 86
35 71 5
97 66 13
98 31 53
83 79 80
73 9 92
45 15 16
74 98 14
30 70 82
99 96 44
41 71 6
84 59 20
46 40 8
40 41 73
16 99 92
49 54 52
94 66 38
96 15 86
58 52 4
46 88 33
62 21 81
57 37 21
100 87 31
33 70 83
31 24 68
54 67 29
24 46 41
69 94 23
37 1 46
49 50 8
26 53 100
65 81 47
65 10 16
90 68 59
78 48 41
34 79 60
96 56 45
87 30 76
14 91 34
63 54 63
26 88 58
31 81 6
79 54 5
73 77 7
70 86 43
51 41 48
40 79 15
20 53 77
14 76 85
39 2 28
10 91 66
41 69 94
54 16 34
78 42 91
43 88 76
51 55 66
26 90 23
45 55 67
23 39 100
17 40 44
33 56 99
43 37 44
90 72 63
65 30 46
70 19 91
47 60 76
25 43 49
19 93 51
58 52 93
22 8 78
86 7 42
52 15 18
96 1 34
100 48 34
3 66 75
3 45 97
72 75 61
2 76 72
18 1 14
27 14 76
67 92 28
34 74 59
47 17 62
31 76 81
96 92 9
63 48 76
76 71 37
58 46 10
81 81 69
67 72 100
26 88 72
75 81 46
97 49 31
51 51 19
86 69 25
18 56 20
42 29 13
63 31 7
2 91 27
73 71 49
99 51 85
59 39 34
94 59 79
26 36 41
67 77 28
30 89 100
52 9 32
60 63 50
74 14 76
6 3 53
79 15 21
45 91 72
25 78 63
81 35 30
24 5 51
40 63 89
49 34 45
43 94 38
90 3 81
93 44 70
72 12 61
48 32 37
48 96 80
30 47 100
19 29 29
42 86 61
38 14 60
24 87 89
52 2 12
28 5 89
78 39 78
72 27 78
57 14 40
62 26 28
30 95 85
40 37 1
80 47 6
78 4 6
42 16 35
29 50 64
78 79 26
46 93 50
78 68 88
22 79 42
23 2 37
64 94 73
13 1 81
31 35 94
63 73 70
11 2 27
43 90 28
53 4 79
30 29 21
85 4 29
17 49 97
56 92 85
33 2 22
83 26 53
24 57 70
56 43 15
93 99 28
16 18 1
8 36 80
67 17 74
67 37 43
34 62 63
78 8 92
70 22 9
82 65 74
94 12 67
1 43 24
42 24 48
50 74 34
16 55 85
21 75 79
15 31 62
61 71 95
3 85 69
91 6 62
98 24 45
59 54 32
59 72 56
