4 4 1 
1 1 18 
1 12 2 
2 6 5 
5 8 1 
3 5 5 
18 3 1 
4 12 2 
13 4 2 
11 5 2 
1 5 14 
8 3 6 
1 31 2 
23 2 2 
6 13 1 
1 49 1 
1 1 51 
2 2 26 
10 6 3 
1 21 4 
9 3 7 
5 19 1 
11 10 1 
6 1 18 
4 16 4 
1 9 14 
1 2 49 
2 5 20 
1 1 77 
26 1 5 
10 2 12 
32 4 1 
2 5 22 
1 82 1 
20 1 7 
42 2 2 
1 2 59 
7 14 4 
6 14 5 
13 8 4 
8 7 9 
4 1 39 
1 3 49 
10 15 2 
66 2 1 
8 6 11 
5 16 6 
1 68 2 
3 33 3 
69 2 1 
7 6 13 
1 11 17 
25 3 5 
9 19 2 
13 12 3 
12 17 1 
17 1 12 
1 4 46 
2 15 12 
6 10 11 
2 6 28 
47 4 1 
11 13 4 
2 3 47 
25 3 6 
10 5 13 
26 3 6 
84 1 2 
26 5 4 
16 14 1 
63 1 3 
1 64 3 
86 2 1 
3 3 42 
5 8 17 
2 17 12 
2 17 12 
7 2 29 
9 27 1 
13 19 1 
24 2 9 
9 4 19 
4 1 56 
56 2 3 
1 40 6 
8 5 19 
8 8 14 
2 1 96 
7 27 3 
40 3 4 
6 7 20 
4 36 4 
2 11 22 
2 61 3 
7 12 12 
12 5 15 
5 26 6 
9 4 22 
1 5 53 
14 12 6 
39 6 2 
8 5 22 
4 53 2 
1 32 9 
1 4 65 
7 5 25 
5 14 14 
9 6 19 
8 6 21 
29 3 8 
2 48 5 
10 6 18 
12 26 1 
1 10 31 
8 5 24 
1 70 4 
10 3 25 
10 28 2 
3 2 70 
9 25 4 
8 17 9 
12 11 10 
2 6 44 
28 4 8 
8 8 19 
7 4 31 
15 12 7 
6 45 2 
33 1 10 
7 40 2 
16 19 2 
9 4 26 
15 15 5 
6 3 40 
3 3 62 
7 3 36 
4 1 76 
63 3 3 
42 7 2 
9 10 16 
4 80 1 
7 2 44 
2 12 28 
50 4 4 
7 32 5 
8 1 46 
1 4 84 
6 8 27 
84 2 3 
70 3 3 
3 3 70 
18 11 8 
5 52 3 
1 47 8 
26 11 4 
72 1 5 
47 7 2 
48 8 1 
4 20 15 
13 21 5 
5 62 2 
6 6 34 
6 34 6 
29 10 4 
43 2 8 
2 4 73 
29 9 5 
48 5 4 
21 2 18 
39 4 7 
15 16 7 
39 4 7 
6 9 27 
10 1 41 
91 2 3 
76 2 4 
40 8 3 
9 12 17 
51 8 1 
18 15 6 
6 57 2 
26 2 15 
18 3 20 
1 33 13 
18 7 14 
11 35 2 
4 7 41 
19 1 23 
20 14 6 
4 96 1 
5 7 38 
1 81 5 
7 23 11 
3 21 18 
3 98 2 
53 4 5 
1 49 9 
7 62 1 
30 6 9 
11 3 34 
62 3 5 
8 1 56 
6 73 1 
29 5 11 
8 57 1 
2 5 73 
5 56 4 
22 6 14 
20 5 17 
13 28 4 
11 15 14 
8 25 10 
46 3 8 
2 4 87 
3 27 15 
3 15 27 
2 66 6 
14 25 5 
44 2 10 
17 14 10 
3 37 11 
2 13 35 
67 4 4 
1 61 8 
6 11 29 
4 2 92 
29 7 10 
6 34 9 
14 6 24 
5 69 3 
2 39 12 
24 22 1 
5 62 4 
30 7 10 
8 35 7 
7 2 63 
11 8 26 
21 11 11 
11 33 5 
6 14 25 
10 2 47 
28 10 8 
20 14 9 
14 14 14 
13 27 6 
5 5 57 
38 2 13 
48 2 10 
18 24 4 
7 52 4 
3 15 31 
5 12 32 
59 2 8 
40 6 8 
1 46 12 
19 8 17 
7 53 4 
19 17 8 
13 4 33 
66 4 5 
45 4 9 
23 1 25 
6 27 14 
36 6 10 
6 90 1 
70 1 8 
36 9 7 
39 7 8 
2 15 36 
29 4 16 
8 2 63 
17 22 7 
11 13 21 
24 25 1 
14 4 33 
25 4 19 
1 7 81 
9 37 7 
3 39 13 
11 3 45 
94 1 6 
11 7 33 
38 8 8 
8 59 3 
15 21 10 
5 20 23 
2 9 60 
7 45 7 
9 4 50 
5 3 84 
23 6 19 
12 37 5 
75 2 7 
5 6 60 
3 67 7 
12 32 7 
1 86 7 
7 55 5 
11 32 8 
1 6 99 
2 14 42 
13 16 17 
87 1 7 
19 9 19 
21 31 1 
32 4 16 
22 19 7 
10 16 21 
16 10 21 
15 34 4 
9 57 3 
4 87 4 
10 12 27 
8 2 70 
70 7 3 
20 14 13 
17 12 18 
24 18 7 
2 19 33 
7 53 6 
9 49 5 
23 13 12 
7 19 23 
23 12 13 
11 11 28 
37 17 2 
12 9 30 
25 19 6 
5 10 46 
10 4 50 
7 59 5 
23 30 1 
9 66 2 
1 82 8 
29 1 24 
3 30 20 
8 35 11 
48 12 3 
66 6 5 
18 9 22 
12 41 5 
15 26 9 
43 2 15 
74 3 7 
67 8 3 
14 50 1 
6 4 74 
2 33 20 
12 14 23 
9 16 25 
8 30 14 
50 13 2 
11 4 49 
45 7 9 
15 48 1 
4 36 16 
31 15 7 
59 11 2 
4 58 9 
8 11 37 
22 29 3 
7 35 13 
6 3 86 
1 60 12 
60 1 12 
11 16 23 
71 2 9 
9 1 79 
5 3 98 
19 10 21 
88 1 8 
19 24 8 
32 6 16 
39 4 15 
87 6 3 
6 25 21 
17 9 25 
34 22 1 
9 3 65 
11 5 47 
80 9 1 
36 18 3 
17 27 8 
1 36 21 
1 16 47 
2 37 19 
80 8 2 
8 90 1 
10 7 44 
10 30 13 
5 6 72 
74 10 1 
7 5 66 
1 8 91 
2 50 14 
7 35 14 
6 61 7 
28 8 17 
2 27 27 
6 91 3 
9 14 31 
6 19 29 
33 13 9 
10 17 25 
3 92 6 
12 50 4 
8 16 30 
92 5 4 
3 63 10 
12 59 2 
3 40 17 
54 4 11 
15 3 45 
63 4 9 
5 75 6 
21 38 1 
7 94 2 
6 17 33 
11 18 23 
16 1 50 
27 30 1 
61 13 1 
42 14 5 
7 20 27 
10 41 9 
3 77 8 
1 24 34 
45 13 5 
18 42 2 
39 12 8 
36 17 5 
7 22 25 
33 19 5 
1 23 36 
6 36 16 
9 1 88 
35 11 11 
3 8 79 
13 63 1 
63 1 13 
30 1 28 
99 1 8 
6 11 49 
6 46 12 
17 12 24 
15 30 10 
17 18 17 
3 21 35 
9 73 3 
13 54 3 
11 53 5 
2 7 99 
8 43 11 
2 89 8 
38 4 18 
21 4 33 
29 21 6 
37 16 6 
3 37 20 
6 67 7 
81 3 8 
4 20 35 
7 50 10 
81 6 5 
14 29 12 
23 10 21 
13 65 1 
6 10 54 
18 32 7 
2 29 28 
21 3 36 
5 48 13 
16 19 18 
22 21 11 
9 76 3 
53 14 3 
32 9 16 
23 18 13 
9 94 1 
21 3 37 
6 60 9 
23 5 30 
19 28 9 
7 8 60 
17 12 26 
15 1 59 
3 94 7 
47 5 14 
2 17 49 
10 79 2 
66 8 6 
9 72 4 
15 42 6 
50 7 11 
14 37 9 
11 33 14 
3 10 73 
42 14 7 
27 11 18 
37 10 13 
51 13 5 
9 5 67 
11 54 6 
54 11 6 
8 7 62 
16 11 30 
1 25 37 
26 6 26 
6 21 32 
73 7 6 
14 52 4 
28 20 9 
12 8 45 
11 2 75 
12 1 76 
98 7 3 
2 46 19 
75 10 3 
7 24 27 
36 13 11 
21 2 42 
6 8 69 
7 7 69 
7 12 49 
32 19 8 
54 15 3 
9 16 35 
6 5 90 
18 3 46 
72 13 1 
9 14 39 
9 39 14 
16 48 4 
1 26 37 
12 6 53 
14 33 12 
8 76 5 
4 14 54 
21 11 25 
5 28 27 
10 1 93 
53 8 10 
21 4 38 
30 13 15 
1 16 60 
34 9 17 
29 11 18 
11 29 18 
47 18 3 
12 22 23 
1 14 69 
7 37 18 
18 9 33 
15 56 3 
17 15 25 
3 53 16 
12 3 68 
3 79 10 
8 9 58 
3 18 48 
22 9 28 
11 22 25 
5 79 8 
29 7 24 
7 79 6 
29 10 20 
28 7 25 
13 49 7 
11 35 15 
21 20 16 
4 8 87 
5 12 60 
33 29 2 
20 25 13 
6 27 28 
4 8 88 
20 11 28 
8 64 8 
32 12 16 
13 47 8 
3 19 47 
19 47 3 
9 40 15 
9 2 98 
17 46 5 
17 56 2 
9 11 50 
30 10 20 
18 44 5 
8 14 45 
24 32 6 
8 61 9 
8 9 61 
29 10 21 
10 100 1 
10 2 91 
22 25 12 
15 13 33 
16 65 1 
5 45 18 
5 31 27 
28 21 11 
9 4 84 
14 69 2 
22 27 11 
70 15 1 
8 42 16 
14 23 22 
17 8 40 
6 50 15 
5 17 48 
13 69 3 
34 16 12 
3 30 32 
20 23 16 
18 5 46 
11 30 20 
7 9 68 
8 21 34 
8 34 21 
12 30 19 
11 29 21 
20 20 19 
5 9 80 
57 8 11 
14 24 22 
2 60 17 
37 16 11 
12 15 37 
10 70 6 
58 6 13 
32 31 3 
2 13 77 
6 36 23 
13 20 28 
20 6 41 
68 15 2 
2 15 68 
21 23 16 
6 96 6 
58 11 8 
13 4 67 
28 10 24 
11 62 7 
13 49 9 
21 42 5 
1 74 15 
23 4 41 
42 10 15 
6 53 15 
56 6 14 
13 13 40 
14 7 53 
27 40 2 
51 21 2 
46 3 22 
3 22 46 
40 20 7 
34 20 10 
20 7 40 
33 35 1 
1 67 17 
28 33 5 
93 2 11 
15 16 32 
12 74 4 
23 19 19 
9 46 15 
2 12 87 
10 12 51 
22 26 14 
7 17 47 
31 3 34 
10 5 80 
11 38 17 
45 7 18 
58 13 7 
44 11 14 
4 63 15 
33 13 18 
10 24 30 
9 13 52 
5 25 38 
9 41 18 
15 7 53 
13 27 23 
2 15 73 
27 23 13 
5 13 67 
32 24 9 
16 18 29 
18 16 29 
67 6 12 
25 9 31 
15 79 1 
3 14 73 
31 37 2 
12 56 9 
10 9 63 
29 1 42 
73 13 4 
6 31 30 
17 9 44 
20 48 5 
1 30 41 
10 8 68 
20 35 11 
11 73 6 
14 21 29 
18 25 20 
30 35 4 
20 9 39 
12 3 85 
92 2 12 
25 26 13 
22 7 40 
38 2 31 
2 20 58 
23 54 1 
9 91 5 
47 15 10 
6 41 23 
72 2 16 
35 34 2 
22 27 15 
32 27 8 
20 59 2 
45 14 12 
15 17 34 
4 81 12 
19 12 36 
26 17 21 
2 43 28 
59 12 9 
27 40 4 
20 26 18 
9 13 56 
71 12 6 
17 23 24 
11 7 71 
11 7 71 
48 13 12 
8 63 12 
78 2 15 
14 83 2 
30 17 18 
9 11 63 
7 15 57 
28 46 1 
1 30 43 
17 42 11 
13 19 35 
12 5 77 
31 22 13 
85 1 15 
77 6 11 
10 27 30 
48 7 19 
37 6 27 
3 13 84 
37 14 17 
89 9 6 
43 2 29 
13 52 11 
13 21 33 
9 42 20 
24 1 55 
3 13 85 
44 3 27 
1 17 77 
10 37 22 
67 4 16 
21 22 22 
58 4 19 
42 4 27 
4 64 17 
15 24 27 
52 19 6 
15 26 25 
29 32 8 
38 15 16 
12 59 10 
10 70 9 
12 11 56 
7 98 7 
17 2 73 
44 2 29 
75 6 12 
44 12 16 
2 82 15 
9 43 20 
12 33 23 
8 36 26 
6 36 29 
11 9 67 
36 21 12 
2 23 56 
12 18 41 
9 6 93 
96 14 1 
14 41 16 
4 12 88 
13 31 24 
9 68 11 
50 22 5 
47 25 4 
38 19 13 
94 6 9 
18 38 14 
50 12 14 
16 7 59 
31 1 45 
2 57 23 
34 3 37 
28 13 27 
73 7 12 
4 27 44 
11 16 48 
2 49 27 
35 10 25 
67 4 17 
65 11 10 
3 30 42 
2 37 36 
35 18 16 
20 13 37 
21 5 53 
14 6 70 
96 4 11 
62 20 3 
19 25 23 
66 2 20 
66 2 20 
17 1 82 
9 96 6 
12 70 8 
36 4 34 
3 14 86 
5 10 97 
1 57 25 
87 2 15 
91 5 11 
2 13 99 
16 36 18 
20 46 9 
17 5 65 
17 5 65 
7 47 22 
28 31 11 
1 65 22 
10 19 46 
16 2 83 
45 8 22 
76 12 7 
3 54 24 
20 3 64 
2 22 62 
58 25 1 
5 36 33 
14 77 5 
9 86 8 
25 2 55 
58 11 13 
16 48 12 
12 17 46 
10 30 31 
5 13 82 
34 37 4 
4 37 34 
52 20 7 
16 34 20 
22 13 36 
14 69 7 
26 16 27 
32 46 1 
59 15 9 
57 18 7 
12 20 41 
36 1 41 
11 16 51 
6 100 9 
18 22 29 
13 83 5 
19 29 21 
19 1 77 
19 41 13 
2 44 32 
18 5 64 
24 7 45 
33 45 1 
16 8 60 
14 84 4 
28 14 28 
5 37 33 
37 33 5 
5 11 95 
85 15 3 
20 56 6 
3 20 66 
2 46 31 
1 16 92 
32 10 30 
39 27 8 
90 4 13 
90 13 4 
28 51 2 
25 3 54 
91 14 3 
7 34 33 
9 9 84 
62 23 2 
42 18 14 
14 81 5 
61 4 21 
87 3 15 
6 44 27 
16 10 56 
7 38 30 
42 7 27 
1 17 89 
19 11 47 
41 25 9 
6 12 86 
4 59 22 
31 45 3 
48 29 3 
43 14 18 
92 11 6 
7 21 53 
7 53 21 
37 13 23 
22 24 24 
80 2 18 
21 6 56 
99 5 11 
44 21 11 
77 10 10 
12 93 5 
30 52 1 
26 35 12 
54 3 26 
23 52 6 
2 23 64 
33 43 3 
9 39 27 
9 63 15 
36 10 28 
60 4 22 
85 17 2 
21 74 1 
27 1 58 
3 17 80 
10 14 63 
25 9 42 
23 19 29 
17 55 10 
7 24 48 
24 5 53 
47 6 26 
30 10 34 
15 8 67 
47 2 32 
24 8 46 
11 83 8 
59 3 24 
39 20 15 
3 77 18 
3 53 27 
54 20 8 
7 35 34 
51 6 24 
29 39 8 
10 64 14 
12 14 58 
22 23 26 
43 13 20 
21 32 19 
24 23 24 
4 28 49 
42 23 11 
32 1 50 
5 52 25 
77 17 4 
4 20 67 
11 16 56 
16 17 43 
3 65 22 
6 13 85 
14 29 30 
2 44 35 
52 19 10 
24 11 41 
25 58 3 
74 4 18 
13 72 9 
27 49 5 
18 34 21 
82 4 16 
29 9 38 
10 85 9 
1 28 58 
41 23 12 
5 17 74 
6 18 67 
16 13 52 
39 15 21 
7 97 10 
32 9 35 
39 20 16 
2 30 52 
11 34 30 
22 12 43 
35 47 1 
53 1 31 
92 12 6 
12 60 14 
21 41 14 
32 49 2 
6 98 11 
4 29 49 
80 3 18 
1 30 55 
6 17 71 
8 16 67 
9 61 17 
20 3 73 
16 24 34 
2 17 90 
16 4 84 
6 16 75 
72 5 18 
15 53 14 
11 74 11 
10 64 15 
18 16 43 
43 2 37 
99 10 7 
40 38 3 
7 34 37 
37 31 9 
12 56 16 
16 68 8 
10 50 21 
34 20 20 
83 20 1 
21 24 28 
51 33 1 
19 9 57 
34 34 9 
10 45 24 
10 16 62 
16 10 62 
100 8 9 
40 5 35 
31 5 45 
8 84 12 
50 19 12 
10 30 37 
38 24 14 
8 16 69 
1 84 20 
8 17 66 
29 7 44 
7 20 61 
32 42 6 
17 23 35 
23 57 6 
35 17 23 
13 96 5 
26 12 39 
25 34 16 
15 86 5 
2 43 38 
83 18 3 
18 3 83 
27 52 5 
58 18 10 
28 7 46 
12 18 53 
52 3 30 
3 23 67 
71 18 6 
8 20 59 
1 48 36 
7 12 91 
32 54 1 
47 32 4 
51 28 5 
59 19 9 
79 17 5 
10 64 16 
87 6 14 
43 3 37 
18 62 9 
42 3 38 
36 21 19 
28 9 43 
8 75 15 
10 29 40 
33 9 37 
18 46 16 
48 6 29 
6 64 21 
17 15 50 
2 96 17 
79 21 2 
48 1 37 
24 29 22 
5 56 26 
56 5 26 
6 30 47 
26 59 4 
50 4 31 
20 45 15 
82 18 4 
43 26 11 
33 22 21 
31 18 27 
22 4 69 
46 34 4 
86 5 16 
2 29 59 
18 15 49 
56 19 11 
26 31 19 
20 9 59 
21 1 85 
97 3 16 
25 31 20 
15 6 86 
29 45 8 
90 9 11 
11 32 36 
4 67 23 
3 18 88 
16 30 31 
65 19 8 
35 52 1 
45 24 12 
75 6 18 
41 22 16 
27 64 2 
5 38 40 
14 29 35 
86 21 1 
6 20 69 
70 26 1 
24 4 65 
9 82 13 
33 37 10 
38 28 13 
16 6 83 
3 89 18 
35 15 28 
5 20 73 
85 3 19 
31 45 7 
9 32 40 
2 19 90 
21 58 9 
41 2 43 
29 55 4 
29 9 44 
2 100 17 
56 33 1 
18 21 40 
34 38 9 
15 42 23 
4 15 99 
18 66 9 
82 20 3 
25 31 21 
37 44 4 
7 22 62 
62 7 22 
4 69 23 
17 16 51 
26 21 30 
52 11 22 
5 26 59 
23 60 7 
24 70 3 
10 38 33 
86 18 4 
3 39 44 
39 44 3 
21 35 22 
89 7 14 
81 1 23 
18 11 61 
12 32 36 
20 54 12 
18 13 56 
24 14 43 
63 27 3 
27 18 33 
3 19 87 
64 2 28 
20 34 24 
55 27 6 
32 59 1 
24 12 47 
1 63 30 
14 12 70 
69 6 21 
60 5 26 
37 4 45 
4 63 26 
15 5 96 
21 7 66 
98 18 2 
98 18 2 
75 24 2 
49 34 4 
86 1 22 
30 3 58 
33 58 1 
17 57 14 
22 61 8 
65 11 17 
84 4 19 
1 40 48 
86 13 9 
75 17 8 
22 17 42 
64 1 30 
20 51 14 
26 43 13 
42 21 18 
12 8 96 
15 87 7 
15 7 87 
21 9 61 
30 10 43 
1 46 42 
61 26 5 
13 60 17 
18 17 49 
26 67 3 
64 8 21 
8 64 21 
28 25 25 
9 18 69 
15 10 75 
77 25 1 
18 31 30 
37 6 42 
7 70 20 
33 19 27 
13 12 75 
58 18 13 
93 16 5 
53 4 32 
13 92 8 
34 23 22 
34 37 11 
10 59 21 
11 36 35 
13 20 54 
2 29 64 
33 54 3 
13 41 28 
41 40 5 
65 30 1 
39 2 48 
9 19 67 
20 78 5 
28 35 17 
32 9 43 
16 94 5 
2 40 47 
36 31 14 
28 58 5 
18 64 11 
74 7 19 
14 41 27 
63 4 27 
26 57 7 
4 36 48 
14 44 25 
1 46 43 
3 64 28 
22 36 22 
36 30 15 
60 3 30 
20 75 6 
3 77 23 
37 49 3 
94 7 14 
5 25 65 
22 42 18 
24 54 10 
62 1 32 
10 12 89 
15 33 33 
51 14 21 
17 47 20 
56 31 4 
27 2 70 
42 10 32 
19 15 53 
15 53 19 
71 10 17 
18 49 18 
12 50 24 
94 21 1 
94 1 21 
20 27 33 
69 20 8 
1 90 22 
13 26 45 
32 28 20 
26 58 7 
28 68 2 
64 8 22 
3 28 65 
14 68 14 
7 43 36 
10 28 48 
14 86 9 
32 2 60 
38 53 1 
42 37 7 
2 46 42 
30 17 34 
14 50 22 
3 37 50 
24 32 24 
75 4 23 
12 46 27 
20 36 25 
18 34 29 
19 8 73 
74 26 2 
4 47 38 
39 25 18 
1 70 29 
24 42 17 
87 13 10 
24 19 39 
45 35 7 
12 83 12 
34 55 3 
25 54 10 
4 94 18 
8 55 27 
29 13 42 
1 66 31 
1 66 31 
16 24 44 
56 24 10 
28 20 33 
73 11 16 
74 8 19 
35 40 10 
34 53 4 
18 37 27 
5 29 59 
94 5 17 
34 35 14 
42 7 38 
49 37 4 
5 51 34 
5 21 79 
55 26 9 
38 30 15 
22 93 1 
84 3 22 
23 70 6 
13 65 17 
6 90 17 
60 14 18 
2 32 62 
6 41 41 
69 26 4 
95 5 17 
34 15 34 
7 35 46 
57 2 35 
44 40 5 
22 15 50 
94 8 14 
14 68 15 
29 27 25 
5 64 27 
36 24 22 
13 94 9 
36 31 16 
99 10 11 
19 31 32 
3 97 19 
11 23 57 
31 52 7 
26 9 56 
29 37 17 
50 11 27 
23 24 35 
8 79 18 
52 5 34 
29 66 3 
3 21 89 
10 90 13 
4 56 33 
58 29 6 
24 3 79 
32 21 29 
32 34 17 
18 47 21 
26 12 50 
81 1 26 
19 98 3 
36 18 29 
36 3 54 
73 4 25 
44 10 33 
33 13 39 
79 13 13 
39 39 9 
13 39 33 
57 15 19 
96 14 8 
52 36 4 
15 55 20 
26 7 62 
2 60 34 
1 30 71 
48 15 24 
8 20 74 
8 20 74 
96 12 10 
30 57 6 
30 27 25 
25 30 27 
4 94 19 
1 55 39 
7 19 81 
23 19 43 
18 6 89 
50 23 15 
2 88 23 
13 56 22 
1 89 24 
18 15 60 
25 65 7 
25 42 18 
19 3 100 
8 15 93 
9 56 27 
33 29 21 
68 17 13 
29 3 68 
14 68 16 
74 5 24 
13 74 15 
66 3 30 
31 64 3 
54 31 7 
3 92 21 
6 71 24 
15 10 85 
67 22 9 
34 13 39 
15 85 10 
62 6 28 
34 5 54 
36 58 2 
44 5 42 
47 41 4 
30 23 30 
20 47 20 
26 61 8 
50 2 42 
23 6 74 
17 61 16 
30 61 5 
12 42 33 
20 64 12 
6 69 25 
44 21 21 
17 12 72 
54 39 2 
19 26 40 
32 10 47 
29 3 69 
3 69 29 
14 14 75 
2 46 46 
86 15 10 
51 35 6 
53 19 18 
86 14 11 
67 19 12 
46 20 21 
69 32 1 
17 35 33 
34 34 17 
36 8 46 
15 44 28 
25 1 88 
67 14 17 
11 31 47 
17 11 76 
18 15 62 
18 15 62 
3 94 21 
34 10 45 
10 12 100 
80 9 18 
22 17 50 
74 26 4 
1 92 24 
48 41 4 
60 18 16 
9 24 64 
14 11 87 
11 59 24 
32 24 28 
32 48 10 
12 61 22 
9 35 46 
25 27 32 
17 77 11 
35 41 12 
80 28 1 
29 29 26 
54 11 27 
43 7 41 
21 36 28 
71 14 16 
37 39 12 
39 18 29 
37 17 32 
22 27 36 
89 24 2 
18 61 16 
43 38 9 
81 4 24 
6 90 19 
6 24 74 
64 12 21 
75 19 10 
28 14 47 
16 27 45 
2 39 56 
7 90 18 
18 18 57 
19 14 64 
6 28 65 
8 25 66 
26 21 39 
38 37 13 
63 10 24 
6 25 72 
56 33 6 
62 20 14 
99 16 7 
42 25 20 
18 41 28 
3 37 57 
29 24 32 
5 73 26 
23 56 14 
20 23 45 
33 19 34 
22 18 50 
15 99 8 
40 40 10 
27 31 27 
33 64 3 
54 2 41 
60 6 31 
18 12 73 
6 88 20 
57 25 12 
100 16 7 
92 19 6 
95 9 15 
27 11 56 
24 14 55 
26 81 3 
14 29 47 
17 80 11 
34 30 22 
91 14 11 
37 3 58 
55 7 33 
24 40 23 
88 8 18 
28 59 9 
34 23 29 
55 15 23 
97 6 18 
15 22 57 
35 4 59 
23 31 32 
25 27 34 
39 26 22 
84 16 11 
22 7 79 
24 60 12 
28 2 80 
10 32 51 
18 50 23 
42 5 48 
14 27 51 
42 9 41 
35 42 13 
11 13 97 
72 16 15 
49 16 26 
3 68 32 
18 38 32 
18 82 10 
14 13 85 
13 14 85 
41 16 32 
2 67 34 
22 4 92 
37 18 33 
25 49 17 
6 36 54 
43 42 8 
12 35 44 
7 40 47 
37 62 2 
30 23 34 
98 14 10 
23 40 25 
49 23 19 
76 18 12 
79 15 14 
90 3 24 
30 53 11 
9 59 29 
29 59 9 
64 29 7 
30 41 18 
39 23 26 
77 10 20 
12 20 71 
2 66 35 
26 29 32 
20 16 61 
2 82 28 
24 10 67 
91 9 17 
48 5 43 
43 5 48 
35 43 13 
42 22 25 
52 11 31 
16 32 42 
3 40 56 
48 34 11 
16 46 29 
15 74 16 
15 25 54 
1 58 42 
43 8 43 
29 2 80 
18 36 35 
4 31 69 
46 2 51 
22 41 26 
9 48 37 
3 72 31 
42 31 17 
36 12 44 
28 4 76 
4 60 36 
24 96 2 
47 50 2 
18 64 17 
32 2 73 
42 14 35 
49 17 26 
61 34 5 
22 15 60 
51 5 41 
33 19 37 
9 85 19 
19 7 93 
5 51 41 
22 22 47 
44 23 23 
3 54 42 
6 66 30 
18 12 78 
12 88 15 
21 4 99 
11 33 50 
45 17 29 
10 31 55 
31 12 51 
21 43 26 
10 48 36 
34 4 64 
73 6 27 
4 33 66 
15 65 20 
32 8 58 
14 28 52 
18 7 98 
11 64 25 
23 88 5 
29 31 28 
39 43 11 
18 70 15 
11 26 62 
15 46 31 
75 33 1 
27 42 21 
7 40 49 
48 46 4 
53 5 40 
5 82 25 
69 10 24 
18 12 79 
32 63 6 
59 15 23 
44 34 14 
36 31 22 
62 37 3 
49 29 15 
29 37 23 
80 31 1 
47 28 17 
48 31 14 
28 81 3 
11 86 17 
16 30 46 
28 37 24 
91 20 7 
83 19 10 
30 3 76 
21 11 74 
11 23 69 
37 26 26 
16 86 12 
31 13 50 
83 18 11 
62 24 13 
4 60 37 
4 28 78 
19 35 36 
41 25 24 
15 94 11 
5 80 26 
94 3 24 
44 47 6 
2 75 32 
45 35 13 
50 5 43 
72 6 28 
23 62 14 
62 2 39 
1 37 68 
37 1 68 
26 71 8 
92 7 20 
74 16 16 
33 46 14 
27 59 12 
17 77 14 
91 17 10 
46 5 47 
52 34 10 
64 18 18 
35 12 47 
27 15 53 
22 82 8 
6 75 27 
5 31 69 
1 87 29 
9 31 59 
47 50 3 
8 58 33 
51 25 18 
66 4 34 
55 8 35 
61 37 4 
31 55 11 
36 48 11 
14 63 23 
63 29 9 
19 7 97 
34 1 75 
6 43 49 
29 41 21 
32 23 35 
91 5 23 
14 30 51 
40 1 64 
6 54 39 
4 63 36 
30 36 24 
66 24 12 
21 40 30 
77 9 23 
27 13 58 
63 19 18 
54 11 32 
5 49 45 
4 65 35 
79 19 12 
79 12 19 
71 12 22 
7 81 24 
43 60 1 
76 18 14 
74 22 11 
29 43 20 
23 88 6 
21 6 95 
52 13 31 
26 65 11 
21 36 34 
75 29 5 
38 7 54 
32 19 41 
49 19 26 
30 50 15 
98 9 17 
52 1 50 
20 13 74 
27 25 39 
39 57 5 
7 88 22 
9 59 32 
28 8 69 
28 8 69 
69 8 28 
24 49 21 
37 14 43 
33 5 67 
24 11 70 
15 20 69 
15 90 13 
54 10 34 
34 54 10 
39 1 67 
23 93 5 
89 6 23 
40 56 5 
40 5 56 
32 4 72 
32 64 7 
10 50 37 
88 27 3 
46 36 13 
6 24 86 
44 35 15 
67 15 21 
23 65 14 
65 14 23 
53 18 25 
13 87 16 
8 57 35 
48 21 25 
31 57 11 
17 25 55 
89 22 7 
48 4 49 
16 24 59 
31 64 8 
84 16 14 
21 38 33 
32 14 50 
32 17 45 
1 49 54 
20 70 15 
37 3 66 
7 21 93 
36 8 56 
12 51 34 
26 23 44 
41 46 10 
6 43 51 
64 25 13 
54 39 7 
7 45 47 
33 71 4 
82 20 11 
31 20 42 
29 24 39 
34 6 64 
12 59 29 
19 27 49 
5 44 52 
38 24 30 
24 7 84 
8 58 35 
58 8 35 
41 4 58 
9 42 47 
23 36 33 
56 24 18 
3 54 46 
6 85 25 
35 24 33 
1 81 33 
17 37 40 
26 73 9 
9 90 20 
17 18 71 
36 37 20 
56 20 22 
59 14 27 
53 36 10 
19 43 32 
23 14 67 
41 24 28 
32 26 34 
4 27 87 
25 48 22 
15 77 18 
81 22 10 
96 1 28 
29 34 29 
18 25 55 
16 48 32 
9 60 33 
40 7 54 
44 38 14 
63 34 7 
68 5 34 
65 16 22 
31 8 66 
10 55 35 
24 30 39 
10 38 51 
34 49 14 
24 50 22 
75 14 20 
5 37 63 
11 25 71 
48 17 31 
34 4 71 
46 4 53 
53 15 30 
15 87 15 
2 38 69 
1 85 32 
48 5 49 
19 14 78 
52 21 24 
6 61 37 
5 77 30 
72 38 1 
39 45 13 
53 29 16 
26 21 49 
7 56 39 
10 41 48 
21 29 45 
17 46 33 
46 33 17 
8 37 57 
30 3 84 
49 7 45 
41 4 60 
53 40 8 
36 4 68 
33 80 2 
17 60 24 
27 82 6 
14 59 28 
33 33 27 
38 2 70 
6 22 98 
92 16 13 
39 11 49 
22 35 37 
19 62 21 
19 41 35 
11 64 29 
35 3 73 
60 30 12 
14 32 53 
8 51 42 
13 52 34 
7 23 91 
58 34 10 
25 55 19 
48 32 17 
68 26 12 
7 37 60 
23 10 81 
49 55 2 
3 44 59 
14 33 52 
3 51 51 
2 69 39 
2 39 69 
38 30 26 
14 55 31 
34 15 49 
14 60 28 
5 84 28 
34 3 76 
33 44 19 
20 45 31 
22 59 20 
21 14 75 
65 11 29 
39 35 21 
63 20 20 
24 68 14 
30 48 19 
61 12 30 
68 9 30 
6 52 45 
38 18 40 
44 16 37 
34 51 14 
45 5 54 
40 22 33 
23 73 13 
18 17 75 
18 13 87 
45 42 12 
65 12 28 
5 71 34 
74 11 25 
31 29 34 
61 29 13 
16 62 25 
69 3 38 
8 56 39 
19 19 68 
20 88 11 
22 82 11 
71 37 3 
35 37 23 
11 30 64 
28 61 14 
73 3 36 
2 38 72 
12 17 95 
36 20 40 
36 35 24 
37 14 48 
31 88 2 
15 99 13 
57 27 17 
49 10 42 
15 56 30 
29 64 12 
65 7 35 
17 69 21 
54 13 34 
21 97 8 
37 50 13 
16 92 14 
5 54 46 
15 15 92 
64 33 9 
87 29 4 
15 36 48 
19 48 31 
21 49 28 
45 21 31 
22 25 52 
15 31 55 
17 28 56 
52 23 24 
19 41 37 
75 13 23 
79 5 31 
48 35 16 
75 22 14 
19 56 26 
39 42 17 
59 14 30 
54 52 2 
29 10 70 
13 16 97 
3 98 27 
17 22 68 
34 13 55 
41 3 66 
11 36 56 
83 31 4 
28 8 78 
68 20 19 
27 72 11 
80 9 26 
10 23 85 
30 9 71 
17 94 13 
7 24 93 
74 8 30 
14 42 44 
29 37 30 
65 26 15 
5 35 72 
100 28 2 
30 16 56 
43 66 2 
77 24 12 
19 99 10 
4 66 40 
60 8 38 
50 55 3 
50 46 8 
46 39 15 
88 15 17 
22 57 23 
32 3 85 
58 16 29 
89 28 5 
77 37 2 
34 17 49 
31 70 9 
76 1 39 
29 83 6 
14 15 99 
82 8 27 
8 97 22 
25 91 7 
24 9 87 
57 7 42 
65 4 41 
16 38 46 
2 34 84 
8 73 31 
37 56 11 
26 56 20 
30 6 81 
31 39 27 
58 6 43 
33 38 26 
16 16 89 
13 29 65 
60 26 18 
34 7 70 
27 74 11 
37 46 17 
55 14 34 
65 7 37 
42 2 69 
57 8 41 
48 19 33 
1 43 70 
42 62 5 
6 73 34 
97 18 12 
36 30 31 
10 75 28 
8 26 86 
61 28 16 
41 17 42 
28 84 7 
47 34 19 
32 53 17 
18 87 15 
3 42 67 
18 59 27 
56 35 13 
43 61 5 
84 36 1 
49 10 45 
89 4 30 
2 40 73 
61 7 40 
21 57 25 
26 59 19 
60 15 30 
20 30 51 
73 7 33 
13 70 27 
79 14 22 
95 28 4 
85 22 12 
11 25 80 
64 34 10 
23 32 44 
10 34 64 
29 64 14 
6 33 76 
58 6 44 
24 86 10 
41 16 44 
30 8 77 
30 83 6 
5 98 26 
20 15 82 
65 20 22 
29 30 39 
27 33 38 
11 50 43 
73 5 36 
16 54 33 
13 63 31 
53 29 20 
7 27 88 
7 31 78 
44 36 20 
11 27 76 
18 47 36 
30 43 26 
25 98 6 
57 17 30 
21 34 45 
79 3 36 
38 3 75 
1 55 56 
94 30 3 
26 47 27 
2 76 39 
19 60 26 
10 51 44 
45 13 45 
43 9 54 
17 68 24 
32 35 31 
31 99 1 
58 40 9 
19 96 12 
24 11 84 
98 24 7 
37 67 7 
7 37 67 
27 4 100 
93 28 5 
44 5 61 
31 12 66 
55 26 22 
65 2 46 
34 13 59 
7 95 25 
13 81 23 
76 35 5 
28 59 18 
22 43 35 
31 51 20 
49 25 27 
45 25 30 
60 31 15 
5 45 60 
93 32 2 
14 93 18 
28 40 31 
20 90 13 
3 76 38 
33 15 57 
47 33 21 
1 60 52 
8 95 24 
23 91 10 
65 48 1 
89 8 26 
98 22 9 
38 52 14 
18 71 22 
46 55 7 
37 50 16 
36 53 15 
26 44 30 
97 17 14 
25 61 20 
33 18 52 
14 68 28 
7 37 68 
37 40 23 
31 77 8 
4 72 39 
68 33 10 
56 15 34 
5 36 75 
15 26 70 
87 4 32 
27 87 8 
27 87 8 
7 36 70 
25 29 47 
79 17 20 
5 30 89 
8 66 37 
58 27 20 
32 78 7 
50 12 43 
12 43 50 
75 42 1 
11 33 66 
8 60 41 
7 35 72 
51 6 52 
23 27 53 
23 77 15 
27 23 53 
80 13 24 
40 16 47 
2 89 34 
63 39 8 
65 10 35 
77 1 41 
95 5 28 
32 18 54 
30 17 59 
13 83 23 
14 67 29 
66 25 18 
52 59 2 
34 55 16 
2 98 31 
49 1 65 
49 1 65 
61 17 29 
65 41 6 
60 43 7 
8 26 91 
63 9 38 
8 83 29 
24 16 73 
93 29 5 
32 29 39 
38 28 34 
59 11 38 
24 43 34 
53 19 32 
27 13 74 
7 63 41 
68 47 1 
46 13 46 
30 13 68 
57 41 10 
33 43 25 
33 2 93 
51 12 43 
25 69 17 
22 25 59 
14 55 37 
32 31 37 
46 18 39 
23 59 24 
61 20 26 
19 12 100 
61 14 33 
27 72 14 
56 50 5 
63 37 10 
33 19 52 
94 10 23 
2 51 61 
3 85 35 
77 36 5 
75 33 8 
46 61 5 
42 4 69 
32 27 42 
24 16 74 
20 15 87 
50 24 29 
29 30 42 
10 40 59 
7 61 43 
57 3 53 
93 3 32 
67 13 31 
44 10 54 
16 26 70 
14 18 97 
54 58 2 
17 64 28 
3 48 63 
2 80 39 
10 81 28 
71 9 34 
69 1 47 
49 23 31 
22 39 41 
24 8 99 
2 97 32 
97 27 6 
22 30 52 
4 48 61 
25 70 17 
22 55 28 
48 6 57 
21 91 13 
39 13 55 
85 22 14 
45 42 17 
58 16 33 
4 73 40 
20 62 26 
44 74 1 
45 45 15 
45 5 63 
85 29 8 
50 48 10 
26 26 52 
13 78 26 
50 6 55 
30 6 89 
26 90 9 
13 32 66 
58 32 17 
6 53 52 
25 9 93 
42 14 50 
33 95 2 
8 64 40 
32 32 37 
55 38 14 
82 6 33 
9 65 38 
49 9 51 
43 21 39 
17 73 24 
80 6 34 
42 34 26 
16 44 45 
86 22 14 
43 31 28 
11 32 71 
52 13 42 
38 39 25 
36 48 20 
3 48 64 
31 84 7 
27 33 42 
55 32 19 
40 6 69 
37 55 15 
32 42 28 
4 29 100 
44 7 61 
34 41 27 
19 26 65 
39 56 13 
84 13 24 
18 14 99 
36 17 53 
28 33 41 
49 18 38 
82 26 12 
28 89 8 
10 26 88 
21 24 65 
27 25 53 
19 96 14 
28 16 68 
87 14 22 
11 55 43 
46 8 57 
82 31 8 
32 20 54 
94 23 11 
30 28 45 
18 56 33 
26 70 17 
50 46 12 
74 21 20 
22 79 17 
34 53 19 
12 88 24 
18 90 17 
30 69 14 
19 38 48 
39 21 44 
62 21 26 
21 62 26 
36 25 42 
50 17 39 
66 26 19 
37 25 41 
25 99 8 
6 67 42 
71 3 44 
3 91 34 
91 34 3 
13 57 39 
69 15 29 
29 27 48 
65 39 9 
24 22 64 
70 9 36 
79 41 2 
32 21 53 
73 16 26 
57 42 11 
75 24 17 
47 42 17 
43 49 15 
26 59 23 
44 37 23 
28 17 67 
3 67 47 
34 59 16 
3 45 70 
56 28 23 
30 10 80 
38 10 65 
33 12 69 
57 18 33 
21 52 33 
78 16 24 
25 26 56 
20 42 43 
55 37 16 
23 78 17 
33 82 7 
22 15 86 
33 85 6 
29 38 36 
29 70 15 
15 72 28 
34 23 48 
79 43 1 
39 41 24 
87 39 1 
92 20 15 
69 22 22 
97 25 9 
16 38 54 
11 27 85 
32 79 9 
37 35 31 
12 90 24 
40 19 47 
21 54 32 
19 22 76 
28 80 12 
81 21 18 
60 26 23 
41 17 49 
5 49 61 
30 90 7 
10 25 94 
65 9 40 
27 68 18 
33 70 12 
40 26 38 
58 50 6 
36 21 49 
86 37 3 
43 47 17 
18 39 50 
84 20 18 
96 18 16 
78 44 1 
21 15 90 
24 82 15 
68 25 20 
20 46 40 
27 28 51 
6 44 66 
11 86 27 
12 41 58 
74 45 2 
1 42 82 
84 41 1 
67 35 12 
22 56 30 
41 62 10 
30 41 33 
30 41 33 
13 39 59 
13 23 91 
31 23 53 
50 48 12 
37 6 78 
65 29 18 
3 75 43 
8 37 73 
46 30 29 
76 2 44 
21 55 32 
95 24 11 
30 37 37 
85 19 19 
42 3 77 
21 43 42 
38 15 57 
3 69 47 
43 42 21 
25 12 89 
40 58 13 
38 88 2 
91 20 16 
16 66 31 
49 1 71 
1 79 44 
70 35 11 
29 9 88 
24 99 10 
43 19 45 
71 21 23 
40 44 22 
96 10 25 
41 67 8 
44 6 67 
15 45 49 
22 78 19 
19 59 32 
77 34 9 
32 7 87 
46 45 17 
65 9 41 
13 66 35 
1 97 36 
46 20 41 
38 92 1 
71 14 31 
31 71 14 
56 16 38 
24 45 37 
4 69 46 
56 5 55 
5 56 55 
30 24 54 
33 30 42 
31 32 42 
83 4 38 
9 51 53 
45 58 10 
55 4 58 
45 7 64 
63 18 31 
72 9 37 
41 70 7 
5 31 97 
77 16 26 
6 32 91 
40 31 34 
1 52 68 
79 22 19 
11 97 24 
26 59 25 
25 77 17 
13 53 45 
96 20 15 
61 46 8 
61 46 8 
35 12 69 
22 100 12 
19 34 57 
66 52 2 
13 51 47 
47 37 23 
30 6 97 
82 31 10 
34 81 8 
14 76 29 
69 5 45 
22 43 42 
21 37 50 
18 51 40 
39 91 1 
71 38 9 
10 98 25 
28 20 65 
63 27 22 
29 9 90 
9 90 29 
33 20 57 
65 5 48 
20 23 75 
55 55 6 
43 70 6 
14 91 23 
14 44 53 
60 21 30 
30 24 55 
48 26 33 
68 31 16 
40 68 9 
9 65 42 
22 16 88 
43 33 30 
36 99 1 
25 78 17 
37 93 2 
13 36 66 
48 30 29 
77 35 9 
89 36 4 
60 28 23 
64 14 36 
33 61 18 
12 58 43 
46 36 25 
91 18 19 
83 17 23 
39 80 5 
2 91 38 
29 68 18 
83 19 21 
86 31 9 
35 68 13 
54 30 25 
25 54 30 
38 38 30 
40 35 31 
72 18 27 
27 28 54 
9 38 72 
17 81 24 
46 28 33 
50 26 32 
7 55 54 
71 4 46 
63 44 9 
27 45 35 
21 27 66 
70 20 26 
28 50 30 
9 33 82 
29 50 29 
59 27 25 
1 77 47 
72 21 24 
6 57 54 
25 70 21 
60 5 53 
42 53 16 
13 31 76 
67 40 10 
25 100 10 
7 33 88 
3 35 96 
72 10 37 
63 40 12 
45 78 2 
43 20 46 
44 29 34 
20 45 44 
12 50 51 
1 52 70 
86 34 7 
79 36 8 
34 12 73 
26 18 75 
90 39 2 
31 26 52 
24 17 82 
85 40 3 
47 10 58 
72 8 40 
47 58 10 
21 17 90 
36 7 82 
13 34 71 
51 59 7 
27 71 19 
26 19 73 
89 41 1 
54 8 54 
20 93 17 
39 29 39 
65 12 39 
23 54 33 
37 75 9 
31 82 11 
25 45 38 
42 8 69 
71 26 20 
46 36 26 
3 47 73 
31 77 13 
2 53 67 
33 7 89 
56 54 7 
62 5 52 
78 33 11 
2 74 48 
80 19 23 
67 45 7 
84 34 8 
15 51 46 
51 15 46 
96 9 28 
51 54 10 
50 47 15 
35 4 94 
32 38 37 
13 62 40 
55 14 44 
22 17 88 
33 35 39 
49 15 48 
27 45 36 
31 14 75 
44 81 2 
94 21 16 
11 85 30 
12 95 25 
48 24 37 
28 18 72 
20 18 91 
21 50 39 
30 10 88 
10 60 46 
72 42 7 
9 55 52 
76 4 44 
50 18 43 
56 2 64 
72 5 45 
9 84 33 
98 23 13 
36 89 5 
37 9 76 
11 39 68 
56 30 25 
93 37 3 
34 9 82 
13 33 74 
14 51 48 
80 6 39 
92 31 8 
22 68 26 
86 21 19 
40 28 40 
59 7 52 
48 2 75 
25 38 46 
38 16 60 
54 47 13 
24 19 79 
31 52 27 
15 53 45 
15 65 36 
19 38 55 
79 22 21 
90 2 40 
27 24 63 
76 46 3 
29 19 69 
63 26 25 
32 20 62 
6 54 59 
2 84 43 
52 38 21 
22 53 36 
48 3 73 
1 78 48 
36 46 27 
54 24 33 
19 27 73 
40 8 74 
67 46 7 
56 67 1 
46 61 10 
55 3 64 
90 23 16 
81 9 35 
24 75 21 
39 69 11 
16 28 78 
66 14 37 
38 36 34 
76 16 29 
14 37 66 
35 96 4 
17 90 22 
4 74 46 
7 47 66 
35 45 29 
33 23 56 
50 32 28 
45 18 49 
33 45 31 
36 4 94 
35 100 3 
42 21 48 
36 85 7 
19 25 78 
49 34 27 
15 63 38 
11 51 54 
7 48 65 
43 8 70 
72 28 19 
23 34 55 
23 16 91 
3 74 48 
72 10 39 
42 74 7 
52 73 1 
91 17 22 
61 37 17 
18 41 54 
45 5 74 
7 68 46 
87 34 8 
55 24 33 
62 5 54 
61 14 41 
8 39 77 
43 16 55 
22 25 72 
76 7 41 
5 83 40 
23 35 54 
63 4 55 
20 42 50 
64 18 34 
47 76 3 
37 32 40 
3 64 56 
78 31 14 
81 22 21 
20 49 43 
33 72 15 
5 66 51 
33 27 51 
34 97 5 
31 95 8 
27 44 39 
62 32 21 
19 21 89 
29 71 19 
18 45 50 
50 41 21 
21 50 41 
76 31 15 
40 63 14 
8 58 53 
32 54 26 
19 23 84 
79 2 47 
95 21 17 
7 96 32 
18 20 95 
23 52 37 
52 23 37 
30 26 57 
50 28 33 
87 32 10 
22 69 27 
16 35 67 
93 25 14 
50 70 4 
32 59 23 
58 55 7 
62 29 24 
1 47 82 
80 38 8 
37 48 26 
2 55 68 
8 37 82 
51 57 10 
90 40 3 
56 52 10 
55 53 10 
93 16 23 
53 55 10 
22 90 18 
57 6 58 
33 12 80 
4 64 55 
60 40 16 
24 28 64 
68 9 44 
16 96 22 
75 41 8 
56 46 14 
19 65 33 
42 69 10 
12 55 50 
6 65 51 
66 27 24 
30 61 24 
14 67 38 
40 14 64 
78 13 33 
74 27 20 
66 1 59 
48 20 45 
66 5 52 
55 32 26 
31 58 25 
93 39 3 
27 39 45 
26 21 74 
60 22 33 
8 85 36 
86 16 26 
76 38 10 
10 86 33 
23 20 83 
39 36 35 
53 37 23 
47 31 33 
56 56 8 
44 83 3 
43 10 68 
12 39 70 
51 29 32 
21 35 59 
64 49 8 
40 80 7 
38 60 18 
44 48 21 
43 28 40 
16 70 34 
5 50 69 
45 47 21 
18 36 63 
56 23 35 
7 69 47 
12 44 63 
61 16 40 
71 29 20 
32 30 50 
81 13 32 
60 37 19 
11 82 34 
73 28 20 
49 4 73 
57 67 2 
77 42 7 
54 18 43 
21 20 89 
41 5 84 
47 22 44 
96 33 7 
66 20 32 
4 43 83 
78 2 49 
33 93 8 
14 81 31 
43 61 14 
9 95 31 
71 25 24 
20 20 92 
32 56 26 
26 90 15 
79 14 32 
41 72 10 
25 19 82 
96 37 4 
1 42 94 
52 18 45 
25 37 51 
59 29 27 
62 41 15 
88 28 14 
68 4 53 
56 29 29 
61 1 65 
39 53 22 
65 34 19 
46 44 23 
23 46 44 
64 41 14 
28 91 13 
39 98 2 
72 47 6 
50 25 38 
42 27 43 
59 20 37 
53 19 43 
53 11 55 
41 48 24 
22 68 29 
49 56 13 
23 35 57 
71 17 33 
37 50 26 
31 12 87 
31 28 55 
12 87 31 
76 10 39 
41 97 1 
32 21 65 
16 38 65 
96 31 9 
38 14 69 
93 20 20 
15 91 26 
53 37 24 
99 18 20 
71 6 48 
18 96 21 
96 20 19 
79 49 2 
32 60 24 
51 48 17 
68 35 17 
59 53 9 
89 1 45 
29 18 77 
24 65 29 
37 21 58 
16 46 55 
1 60 67 
41 6 83 
73 8 44 
82 49 1 
39 66 15 
39 66 15 
1 49 82 
45 20 50 
27 13 95 
13 35 77 
47 6 73 
16 54 47 
37 28 48 
11 51 58 
48 23 43 
59 55 8 
62 1 65 
71 9 44 
100 20 18 
100 20 18 
32 29 53 
16 78 31 
92 26 15 
19 33 68 
62 29 26 
51 4 72 
62 29 26 
28 71 22 
63 40 16 
99 11 28 
92 41 3 
73 27 22 
38 66 16 
27 87 16 
44 3 86 
23 26 73 
28 34 52 
42 3 90 
3 90 42 
72 45 8 
21 49 45 
1 94 43 
40 83 7 
2 91 43 
73 9 43 
32 61 24 
7 44 76 
6 82 42 
20 65 34 
80 39 9 
20 62 36 
49 19 48 
72 30 20 
50 50 17 
23 32 63 
12 43 67 
13 80 34 
67 15 39 
75 51 3 
86 30 14 
26 96 14 
67 59 2 
25 17 90 
2 59 67 
12 63 46 
35 21 62 
9 58 55 
96 41 2 
33 73 17 
37 23 56 
54 45 18 
45 33 35 
33 19 69 
17 75 32 
78 34 14 
39 48 27 
14 80 33 
51 14 54 
23 38 55 
32 71 19 
44 93 1 
18 48 51 
37 75 13 
54 11 56 
54 11 56 
35 30 49 
78 42 8 
78 33 15 
41 6 85 
67 30 23 
34 86 11 
69 45 10 
45 69 10 
22 64 33 
24 29 67 
96 36 6 
80 8 41 
69 16 37 
50 25 40 
30 73 20 
33 27 56 
3 46 84 
42 76 9 
59 50 12 
59 31 27 
49 62 11 
13 90 30 
95 34 8 
48 1 86 
18 44 56 
53 78 1 
35 55 26 
10 64 49 
88 44 3 
69 36 17 
61 47 13 
78 17 31 
40 49 26 
44 91 2 
73 40 12 
49 77 4 
10 63 50 
30 41 43 
6 54 66 
60 35 23 
8 50 67 
5 93 39 
66 29 25 
20 50 47 
21 36 62 
14 88 30 
84 4 45 
2 98 41 
43 73 10 
79 4 48 
46 61 14 
28 78 20 
54 29 33 
72 12 41 
26 63 30 
41 12 72 
29 27 63 
51 77 3 
36 53 27 
28 70 24 
50 46 21 
22 58 38 
7 67 52 
38 29 48 
10 42 75 
36 68 18 
60 28 30 
76 26 23 
11 46 67 
69 2 59 
77 13 37 
27 17 88 
73 32 19 
60 43 17 
59 67 3 
20 71 32 
22 21 90 
46 83 4 
89 6 40 
72 8 47 
42 58 19 
7 79 44 
61 4 63 
56 28 33 
38 27 51 
13 83 34 
8 41 82 
41 8 82 
28 26 67 
6 45 80 
96 18 23 
63 41 17 
63 1 67 
32 11 93 
20 46 52 
27 14 97 
18 34 72 
12 78 38 
53 11 59 
59 21 39 
56 63 7 
35 14 79 
33 36 46 
57 72 2 
26 100 14 
5 52 72 
35 51 30 
36 19 67 
36 19 67 
57 70 3 
42 62 17 
25 24 77 
46 64 13 
83 5 45 
13 58 51 
27 43 46 
13 37 78 
45 27 44 
56 17 47 
10 66 49 
9 68 49 
85 5 44 
72 38 15 
80 7 44 
63 13 47 
13 67 44 
78 30 19 
24 48 45 
47 24 46 
32 54 31 
20 89 24 
7 71 50 
79 1 54 
100 20 20 
10 35 90 
60 65 4 
36 53 28 
89 12 33 
52 17 51 
67 47 11 
37 37 41 
36 14 78 
25 82 22 
93 29 14 
51 40 26 
58 16 47 
45 14 64 
1 44 97 
41 17 64 
55 8 63 
63 55 8 
4 78 50 
10 86 37 
12 37 81 
6 44 83 
63 1 68 
28 23 74 
60 39 21 
70 9 48 
60 15 47 
40 9 83 
30 81 18 
36 17 72 
32 84 15 
55 50 16 
60 50 13 
38 9 87 
45 46 26 
7 37 95 
49 8 71 
29 67 26 
83 27 20 
17 35 74 
84 41 8 
22 90 22 
77 14 37 
15 70 40 
42 42 32 
19 39 64 
12 88 34 
27 64 30 
50 10 66 
66 10 50 
32 27 61 
24 21 88 
39 24 56 
60 49 14 
50 79 4 
87 15 31 
65 17 41 
9 61 56 
84 29 18 
9 57 60 
42 57 21 
50 25 43 
5 45 85 
15 79 35 
9 97 34 
66 7 55 
68 43 14 
27 35 57 
33 63 25 
2 57 74 
25 86 21 
93 41 5 
47 50 22 
13 36 82 
56 69 5 
44 7 82 
73 2 58 
68 28 27 
41 19 62 
67 17 40 
73 11 44 
10 36 90 
90 30 15 
20 78 30 
58 56 11 
21 82 27 
2 90 47 
2 80 53 
37 76 15 
6 53 71 
54 4 74 
4 83 48 
37 23 61 
93 1 47 
57 40 23 
10 47 71 
53 13 58 
36 21 66 
56 76 2 
40 80 11 
58 25 37 
11 75 43 
26 74 26 
38 89 9 
46 8 77 
9 87 39 
21 48 51 
30 62 29 
71 39 16 
60 43 19 
40 53 26 
57 61 9 
75 57 2 
46 58 18 
21 26 85 
1 100 44 
89 2 48 
12 58 55 
28 15 96 
58 34 28 
79 30 20 
40 83 10 
66 56 7 
8 63 57 
57 21 43 
44 19 59 
68 34 22 
69 8 52 
47 8 76 
5 74 53 
35 63 24 
67 20 37 
55 24 41 
80 17 33 
13 73 42 
57 50 16 
9 34 99 
69 57 5 
86 18 29 
66 31 26 
28 23 77 
56 38 26 
41 77 12 
92 31 14 
59 47 17 
67 36 21 
27 41 51 
52 18 52 
43 83 8 
29 97 14 
39 68 18 
20 63 40 
67 5 59 
31 53 35 
67 45 14 
37 87 11 
49 78 6 
6 78 49 
10 61 56 
68 30 26 
71 36 19 
45 18 60 
60 10 57 
65 51 11 
10 58 59 
46 76 9 
12 91 34 
65 33 25 
16 83 33 
95 36 9 
44 16 65 
46 14 66 
65 63 4 
12 32 96 
96 32 12 
62 17 45 
40 95 6 
69 63 2 
67 63 3 
34 69 22 
28 44 47 
18 47 58 
29 14 98 
36 32 51 
18 25 97 
21 40 62 
40 62 21 
78 23 28 
41 56 24 
32 18 81 
48 18 57 
32 18 81 
9 53 67 
11 61 55 
81 42 10 
15 75 39 
4 91 45 
36 70 20 
17 36 76 
6 72 54 
8 99 36 
64 29 30 
4 59 70 
20 79 31 
6 65 60 
17 86 31 
6 62 63 
10 51 68 
2 86 51 
31 43 45 
19 56 48 
21 53 48 
25 73 29 
13 49 65 
31 36 53 
49 44 27 
36 35 48 
24 22 90 
50 62 14 
57 17 50 
12 71 46 
57 31 33 
66 56 8 
24 58 40 
91 11 36 
66 20 39 
25 77 27 
31 16 89 
54 17 53 
67 3 64 
7 50 76 
65 34 25 
45 16 65 
45 77 10 
54 11 63 
35 67 23 
26 33 65 
33 26 65 
96 11 34 
8 61 61 
11 55 62 
35 12 91 
27 91 19 
16 68 43 
49 85 4 
71 45 13 
30 33 59 
75 51 7 
90 32 15 
22 84 27 
39 54 28 
78 7 49 
77 56 3 
50 61 15 
38 50 32 
55 43 24 
51 10 69 
13 39 81 
46 44 30 
10 57 62 
26 47 48 
81 55 2 
92 44 5 
53 12 63 
37 24 63 
12 34 94 
30 19 85 
7 45 85 
58 31 33 
55 25 42 
62 16 48 
48 32 40 
31 43 46 
45 44 31 
14 33 91 
90 30 17 
73 22 33 
30 61 32 
69 27 30 
38 14 81 
75 47 10 
28 51 42 
36 29 57 
24 51 47 
68 41 18 
38 21 67 
17 95 28 
8 58 65 
12 50 67 
70 41 17 
67 69 1 
66 28 31 
48 66 14 
30 29 66 
49 15 63 
11 93 36 
46 89 5 
83 4 51 
66 59 7 
11 62 56 
27 73 28 
72 59 4 
55 58 14 
80 4 53 
82 33 18 
52 36 33 
4 98 43 
4 43 98 
26 36 62 
53 51 20 
41 65 20 
56 33 33 
21 62 42 
75 9 49 
12 35 93 
37 64 24 
64 24 37 
83 44 9 
83 40 12 
96 17 28 
7 78 50 
47 99 1 
79 1 59 
20 60 45 
6 87 46 
60 60 10 
59 23 42 
34 25 67 
31 31 62 
41 5 100 
93 23 23 
54 5 77 
26 64 35 
3 88 50 
50 56 19 
83 5 50 
17 41 71 
22 71 35 
60 9 62 
13 45 73 
92 16 31 
12 56 61 
48 4 89 
43 74 14 
28 35 61 
77 7 51 
49 36 36 
54 6 75 
60 21 44 
38 90 11 
26 38 60 
43 83 10 
41 47 33 
44 57 23 
44 4 97 
80 25 27 
27 25 80 
10 37 95 
4 95 45 
25 53 45 
92 51 1 
81 6 50 
2 86 53 
12 48 71 
40 34 47 
34 47 40 
47 34 40 
21 59 45 
44 77 12 
31 14 98 
50 22 52 
34 41 46 
75 13 44 
27 63 35 
21 63 42 
6 67 61 
11 68 52 
67 22 38 
88 12 38 
70 12 49 
39 19 71 
22 32 77 
14 78 41 
39 64 23 
61 60 10 
23 27 85 
47 13 71 
35 22 72 
85 25 25 
87 15 35 
53 73 8 
57 6 72 
83 27 24 
17 38 77 
33 70 25 
47 82 8 
3 76 59 
58 5 73 
1 72 66 
1 72 66 
79 42 13 
39 14 82 
10 38 94 
55 35 33 
82 1 58 
54 8 72 
48 52 24 
49 40 33 
25 60 40 
15 30 99 
99 15 30 
33 48 41 
7 60 67 
5 100 42 
2 61 76 
5 76 56 
57 58 14 
18 31 89 
74 25 31 
58 18 51 
3 82 55 
38 29 57 
92 5 46 
50 49 25 
88 40 11 
19 79 35 
53 26 45 
57 9 67 
82 28 24 
61 13 56 
16 37 82 
63 5 68 
66 17 46 
80 10 46 
76 18 38 
59 22 45 
96 22 24 
12 94 36 
67 39 22 
15 40 79 
16 86 35 
96 50 1 
74 58 5 
11 46 78 
80 52 6 
38 41 43 
71 48 13 
37 87 14 
55 78 5 
54 28 42 
30 31 66 
39 40 43 
87 29 21 
21 33 79 
45 82 10 
62 9 62 
46 74 13 
15 83 38 
40 33 50 
80 14 41 
24 67 37 
12 52 68 
76 20 36 
62 22 43 
55 32 37 
82 51 6 
38 81 16 
50 8 79 
27 24 85 
60 41 25 
27 100 18 
67 25 36 
38 58 29 
29 24 81 
31 19 88 
31 88 19 
69 6 61 
18 59 51 
32 15 96 
49 37 37 
47 59 21 
53 8 75 
75 53 8 
56 16 57 
57 53 18 
15 52 63 
58 31 36 
36 31 58 
57 74 6 
11 79 46 
21 88 29 
6 52 81 
14 42 79 
56 1 87 
43 23 61 
12 74 48 
70 4 64 
17 42 73 
54 72 9 
79 49 9 
46 38 39 
44 14 76 
74 31 26 
8 59 68 
57 36 32 
40 62 25 
18 62 49 
41 15 79 
41 29 55 
25 34 71 
6 48 88 
42 42 39 
28 28 76 
75 60 4 
51 4 88 
8 65 62 
23 45 59 
23 45 59 
81 54 5 
37 12 94 
41 25 61 
46 61 21 
34 56 35 
51 36 37 
36 51 37 
23 75 34 
72 5 61 
22 77 34 
6 46 92 
22 41 66 
96 22 25 
62 73 4 
19 40 73 
36 65 27 
87 2 55 
42 9 92 
18 40 75 
3 63 74 
62 29 36 
5 97 45 
50 51 25 
70 16 46 
71 44 17 
19 49 61 
74 17 42 
13 90 38 
30 58 38 
62 33 32 
11 82 45 
25 59 43 
48 48 29 
21 58 49 
26 36 67 
1 99 50 
59 6 73 
37 61 29 
80 45 12 
42 10 90 
17 60 53 
41 16 78 
41 23 65 
45 27 54 
41 74 18 
66 17 48 
3 90 52 
12 89 40 
56 41 29 
21 54 53 
26 63 39 
35 64 29 
4 50 91 
67 32 30 
40 52 33 
31 28 72 
88 30 21 
44 39 41 
43 26 58 
2 82 59 
36 33 57 
29 88 22 
5 96 46 
51 33 41 
9 75 53 
40 18 76 
37 77 20 
74 31 27 
6 76 57 
63 37 28 
44 13 80 
10 99 38 
64 7 66 
55 30 41 
71 25 35 
25 55 47 
30 55 41 
7 78 54 
73 42 18 
98 19 28 
76 31 26 
14 41 83 
16 34 92 
35 56 35 
39 18 78 
99 16 31 
35 16 90 
5 70 64 
20 81 35 
81 12 45 
14 39 87 
2 56 87 
24 23 98 
86 7 49 
80 56 5 
40 90 12 
8 47 87 
70 59 8 
20 83 34 
40 29 58 
72 59 7 
48 42 35 
28 57 42 
52 12 71 
50 58 21 
4 60 77 
19 60 51 
18 64 49 
91 23 27 
97 11 38 
51 83 7 
34 77 23 
7 48 88 
97 5 46 
60 71 7 
60 54 17 
53 95 1 
11 67 57 
63 80 1 
4 61 76 
50 95 3 
19 99 28 
97 42 8 
83 32 22 
40 18 77 
67 15 51 
31 85 22 
74 50 12 
49 55 24 
32 24 79 
97 1 52 
21 28 94 
28 70 33 
62 18 51 
71 9 57 
53 90 3 
46 9 87 
8 86 48 
96 40 10 
27 22 94 
35 16 91 
48 91 6 
12 69 54 
45 7 94 
15 74 46 
25 81 30 
85 28 25 
65 66 7 
66 7 65 
25 56 47 
42 41 42 
90 20 31 
30 67 33 
80 35 21 
33 20 86 
60 10 66 
78 7 55 
88 11 43 
45 5 100 
57 18 56 
13 63 58 
18 83 37 
23 57 49 
78 45 14 
44 68 20 
83 3 58 
61 26 42 
75 68 1 
68 1 75 
38 38 50 
21 57 52 
46 51 30 
22 77 36 
63 67 8 
44 78 15 
30 37 62 
93 5 49 
54 12 70 
11 38 99 
45 83 12 
45 69 19 
68 30 33 
26 98 22 
6 71 63 
11 79 49 
21 44 67 
33 52 42 
11 41 93 
74 64 4 
61 2 82 
97 1 53 
1 53 97 
28 70 34 
21 40 73 
8 86 49 
51 2 98 
3 58 84 
28 49 51 
56 58 18 
36 32 61 
67 22 43 
45 29 54 
63 13 59 
36 96 14 
4 71 67 
25 44 61 
29 21 94 
34 64 32 
36 20 82 
69 11 57 
37 51 39 
20 45 68 
35 50 42 
35 84 20 
30 97 19 
33 20 88 
15 35 96 
26 43 61 
26 65 40 
47 83 11 
29 34 69 
25 64 42 
64 47 21 
44 24 63 
37 24 73 
8 45 94 
68 21 44 
17 32 98 
66 60 11 
71 27 35 
39 29 62 
8 87 49 
30 23 88 
41 26 64 
16 69 50 
34 28 71 
28 61 41 
16 56 62 
15 83 42 
45 44 38 
95 37 14 
31 84 24 
5 65 72 
58 39 32 
59 16 59 
33 52 43 
85 9 49 
91 32 20 
46 26 58 
9 92 45 
92 9 45 
1 95 55 
29 82 27 
28 60 42 
27 84 28 
32 18 96 
13 46 81 
28 39 64 
68 1 77 
50 18 66 
46 21 66 
66 18 50 
43 34 51 
9 67 63 
55 83 6 
51 35 42 
57 36 36 
76 62 5 
61 64 12 
61 17 56 
50 9 84 
30 89 23 
94 10 43 
66 8 66 
45 48 35 
25 89 28 
42 91 12 
3 78 64 
53 15 68 
40 95 12 
50 38 40 
34 17 95 
36 76 24 
55 64 16 
63 64 11 
40 31 59 
76 59 7 
23 78 36 
3 61 82 
75 22 39 
48 61 23 
96 3 52 
57 44 29 
31 48 50 
94 23 28 
4 97 50 
63 21 49 
71 60 9 
84 63 1 
78 8 56 
63 34 34 
6 68 68 
4 66 74 
66 34 32 
51 3 98 
27 22 99 
19 47 69 
58 41 31 
91 13 41 
48 66 20 
92 56 2 
55 25 51 
41 76 20 
42 42 44 
43 60 28 
9 50 85 
65 37 30 
62 45 25 
52 34 43 
29 24 90 
53 36 40 
24 69 41 
30 40 61 
74 15 49 
73 35 27 
18 51 66 
14 95 38 
48 48 33 
69 17 50 
15 62 59 
46 64 23 
35 42 52 
27 67 39 
75 36 25 
18 98 32 
76 40 21 
72 58 10 
30 80 28 
20 50 64 
46 12 85 
55 72 12 
46 54 30 
30 84 26 
66 8 67 
38 52 39 
55 57 21 
21 31 93 
57 34 39 
27 47 57 
3 52 97 
37 29 67 
35 29 70 
70 43 22 
48 56 27 
95 42 11 
64 31 37 
65 76 4 
62 23 48 
47 70 19 
71 20 45 
62 18 55 
16 95 36 
79 68 1 
5 72 67 
1 91 59 
13 59 66 
67 10 63 
28 37 69 
44 69 22 
11 46 88 
44 22 69 
57 29 45 
59 20 55 
73 8 61 
95 2 55 
41 29 62 
17 80 43 
62 13 63 
79 30 29 
37 30 66 
91 3 56 
54 35 41 
41 46 42 
45 33 52 
88 58 3 
55 47 29 
17 91 37 
85 44 14 
13 91 42 
5 63 77 
9 55 79 
63 5 77 
15 83 44 
62 17 57 
82 56 7 
39 81 20 
84 3 61 
74 15 50 
17 33 100 
90 48 9 
20 51 64 
31 30 76 
57 1 95 
71 31 33 
34 49 47 
68 23 44 
69 13 57 
73 9 60 
80 33 26 
12 41 96 
61 80 5 
33 61 38 
84 2 63 
22 66 47 
67 29 38 
31 25 86 
67 38 29 
18 73 47 
67 37 30 
15 89 41 
14 78 49 
49 89 9 
32 98 19 
2 59 90 
13 40 96 
70 74 3 
58 74 10 
22 69 45 
100 28 22 
20 74 44 
12 84 48 
79 19 42 
39 46 45 
6 59 81 
42 65 27 
39 29 66 
22 49 64 
100 7 46 
63 6 76 
44 28 61 
38 24 76 
77 29 32 
98 21 30 
77 50 14 
21 67 48 
38 23 78 
54 49 29 
30 24 91 
69 44 23 
37 66 31 
67 58 14 
16 55 67 
46 9 95 
36 37 59 
41 79 20 
31 44 57 
9 56 79 
83 33 25 
52 4 97 
30 30 79 
64 43 27 
20 86 37 
57 57 21 
45 97 9 
45 97 9 
13 44 89 
58 27 48 
3 84 62 
26 83 32 
73 25 39 
8 48 94 
40 58 34 
90 41 15 
5 66 75 
69 43 24 
60 29 44 
23 29 96 
51 8 89 
51 67 19 
10 50 86 
86 50 10 
4 82 62 
62 36 35 
45 79 17 
56 24 54 
18 95 35 
46 10 93 
41 64 29 
10 66 66 
87 9 51 
51 21 64 
70 38 28 
34 61 38 
56 49 28 
14 84 46 
56 70 14 
66 55 17 
56 41 35 
10 85 51 
58 93 2 
40 88 17 
88 24 32 
24 32 88 
98 4 52 
27 75 36 
64 19 54 
26 25 99 
82 32 27 
61 84 4 
38 92 17 
73 51 16 
100 39 13 
61 21 54 
61 11 70 
46 57 30 
63 31 40 
31 58 44 
28 29 86 
9 83 54 
77 51 14 
14 88 44 
81 57 8 
54 81 10 
66 78 4 
25 48 62 
91 12 45 
41 24 73 
62 14 64 
84 55 8 
34 49 49 
31 34 72 
23 49 64 
27 71 39 
91 32 23 
28 40 68 
44 20 76 
60 29 45 
24 34 85 
24 34 85 
70 21 47 
78 24 38 
74 18 48 
10 55 80 
71 38 28 
51 65 21 
4 69 75 
57 15 68 
89 24 32 
99 2 55 
20 34 94 
25 31 89 
13 65 63 
15 73 53 
25 87 32 
90 15 42 
1 66 85 
14 87 45 
30 38 68 
65 25 46 
25 69 43 
57 41 35 
62 46 27 
89 28 28 
69 12 61 
40 15 94 
95 42 13 
47 10 93 
79 12 53 
47 86 13 
36 57 40 
40 33 61 
85 12 49 
56 34 43 
54 25 56 
51 96 6 
28 37 73 
72 13 57 
47 38 47 
47 47 38 
45 92 12 
4 54 96 
79 18 45 
62 50 24 
14 43 91 
59 44 31 
67 39 30 
60 17 62 
11 47 91 
47 69 22 
25 82 35 
77 66 5 
61 24 51 
17 70 53 
43 42 47 
56 26 53 
60 24 52 
14 52 77 
25 33 86 
25 62 49 
49 62 25 
26 29 92 
59 84 6 
55 81 10 
97 48 8 
70 24 44 
84 41 19 
77 48 17 
87 43 16 
55 24 57 
28 31 84 
56 8 84 
63 55 20 
84 29 30 
63 61 16 
34 63 38 
36 21 89 
45 57 32 
48 24 65 
48 65 24 
86 61 4 
80 53 12 
46 96 10 
16 37 99 
71 57 14 
81 36 25 
50 31 53 
27 97 26 
49 48 36 
43 92 14 
50 28 57 
39 78 24 
31 100 21 
47 18 77 
81 35 26 
27 43 67 
26 76 38 
14 40 98 
83 25 35 
61 91 2 
24 41 75 
12 57 75 
75 57 12 
54 63 21 
31 34 74 
1 84 68 
19 64 56 
26 34 83 
41 27 70 
66 5 78 
70 51 19 
25 91 31 
48 27 61 
27 93 28 
8 47 100 
58 82 8 
91 52 8 
50 92 9 
29 27 91 
6 96 52 
21 88 37 
52 29 54 
61 37 37 
90 62 2 
52 24 61 
45 25 68 
72 18 51 
40 24 77 
61 94 1 
47 34 53 
10 71 64 
45 54 35 
51 21 67 
10 90 50 
89 39 19 
94 16 40 
26 68 44 
72 16 54 
65 84 3 
74 25 41 
38 19 91 
25 29 96 
83 14 49 
33 70 35 
17 90 41 
49 55 31 
22 83 39 
83 39 22 
90 24 33 
87 16 44 
5 91 57 
59 38 38 
76 76 1 
32 56 47 
66 19 55 
87 13 48 
28 64 45 
13 41 100 
24 81 38 
48 29 59 
22 85 38 
53 17 72 
48 37 49 
55 92 6 
28 88 30 
19 57 64 
66 26 46 
60 64 17 
57 43 35 
72 56 15 
22 52 65 
70 48 22 
58 60 21 
83 63 5 
63 5 83 
44 40 50 
40 80 23 
53 58 26 
95 23 32 
15 76 53 
56 84 9 
30 33 79 
80 53 13 
53 24 61 
59 76 11 
35 74 31 
38 34 65 
69 26 44 
5 70 75 
68 32 38 
33 24 91 
73 72 5 
27 83 34 
61 16 65 
55 24 59 
6 96 53 
17 95 39 
43 46 45 
31 81 31 
25 34 87 
71 4 76 
22 76 44 
21 42 81 
68 63 13 
13 43 97 
73 1 80 
89 9 53 
89 53 9 
52 48 35 
14 58 72 
91 30 27 
35 49 51 
1 59 99 
31 56 49 
84 52 12 
64 35 38 
29 89 29 
88 37 22 
45 58 33 
67 83 3 
18 46 81 
64 12 69 
50 26 62 
15 45 89 
56 53 28 
49 55 32 
75 29 37 
25 84 36 
100 37 17 
17 85 45 
85 45 17 
45 20 79 
46 11 97 
58 36 42 
20 67 54 
60 3 93 
60 21 59 
21 60 59 
43 25 73 
18 83 45 
53 22 65 
84 34 27 
73 64 10 
39 23 83 
12 79 56 
6 74 70 
55 29 53 
26 55 57 
36 18 100 
46 25 69 
34 34 72 
60 67 16 
81 64 6 
21 35 95 
82 8 60 
19 74 50 
19 41 88 
88 41 19 
88 28 31 
12 82 54 
48 34 54 
51 71 20 
12 73 61 
18 85 44 
62 16 65 
36 56 44 
65 40 33 
30 51 56 
97 49 9 
22 69 50 
50 69 22 
96 60 2 
91 6 57 
68 55 19 
55 68 19 
24 97 31 
89 51 11 
82 50 15 
48 16 83 
4 63 87 
50 66 24 
72 43 26 
5 92 58 
20 35 98 
82 62 7 
54 9 89 
87 12 51 
76 67 7 
31 54 52 
56 86 9 
60 1 99 
60 1 99 
87 60 6 
41 15 98 
99 13 43 
25 33 91 
68 81 4 
92 63 2 
2 61 95 
90 58 6 
70 39 31 
87 27 33 
8 57 87 
73 31 37 
62 14 69 
29 32 85 
94 21 36 
88 52 11 
69 29 42 
75 60 12 
25 70 46 
58 35 44 
46 31 61 
54 26 59 
44 12 100 
16 40 98 
48 76 20 
51 39 46 
58 43 36 
13 71 62 
12 61 74 
71 4 78 
45 35 57 
57 45 35 
75 37 30 
37 97 19 
84 52 13 
52 16 78 
33 52 52 
87 2 67 
49 12 91 
70 26 45 
31 43 65 
60 56 24 
13 94 46 
22 43 80 
78 73 3 
57 51 30 
93 15 44 
20 39 91 
38 69 33 
53 94 8 
76 1 79 
34 99 21 
29 96 27 
99 15 41 
14 46 92 
26 46 69 
72 45 25 
45 81 20 
78 47 20 
77 31 35 
67 7 77 
31 27 92 
42 56 39 
21 42 84 
94 45 14 
28 31 90 
17 67 60 
59 25 56 
61 39 38 
19 58 66 
54 37 46 
62 30 47 
96 14 44 
20 69 54 
74 45 24 
75 18 52 
74 33 35 
14 62 70 
10 75 64 
33 37 71 
53 67 22 
8 84 60 
5 78 70 
32 24 97 
89 24 36 
58 87 8 
41 95 17 
32 81 32 
89 68 1 
74 21 49 
43 19 87 
26 71 45 
45 13 97 
61 68 16 
80 39 26 
5 55 99 
74 5 74 
61 79 10 
81 73 2 
17 53 76 
55 13 81 
47 77 21 
63 35 41 
12 47 96 
36 63 40 
68 73 9 
54 7 96 
82 14 53 
83 42 22 
41 66 33 
16 57 73 
57 16 73 
91 46 15 
60 14 73 
49 46 42 
65 3 89 
77 46 22 
54 11 87 
67 51 24 
52 69 22 
76 48 21 
66 37 37 
68 30 43 
44 47 46 
86 44 19 
77 54 16 
27 28 100 
62 29 49 
2 60 99 
31 64 45 
10 96 50 
8 94 54 
31 52 56 
64 10 76 
56 38 44 
48 78 20 
13 86 52 
49 32 58 
11 83 57 
23 57 62 
40 42 56 
56 8 91 
44 28 70 
94 33 25 
25 34 92 
92 34 25 
39 26 81 
5 92 60 
6 72 75 
38 18 100 
28 34 86 
68 33 40 
49 52 37 
39 25 83 
43 29 70 
74 37 32 
73 67 10 
90 33 27 
81 45 21 
27 33 90 
12 46 99 
60 37 42 
26 59 56 
38 68 35 
97 54 7 
19 85 45 
22 91 38 
58 11 82 
88 68 2 
68 88 2 
38 41 60 
39 76 29 
71 19 55 
85 62 7 
26 83 38 
89 23 38 
70 65 13 
47 82 19 
62 32 46 
27 42 75 
62 81 9 
89 44 18 
11 98 48 
17 76 54 
73 69 9 
74 60 14 
76 11 63 
24 37 89 
11 81 59 
59 62 22 
92 20 40 
85 20 44 
62 15 70 
36 38 67 
36 67 38 
36 63 41 
78 29 38 
12 67 70 
49 63 29 
55 65 23 
14 57 78 
42 48 48 
28 61 52 
61 7 87 
91 34 26 
21 57 66 
35 32 78 
71 14 63 
74 7 72 
72 40 31 
48 69 26 
6 88 62 
55 47 37 
89 47 16 
64 59 21 
65 69 14 
54 26 62 
80 35 31 
31 43 68 
21 62 61 
63 13 73 
88 56 10 
17 94 43 
35 72 36 
27 47 69 
5 75 75 
76 22 48 
47 38 54 
83 24 41 
26 46 72 
73 23 49 
23 41 85 
12 52 90 
95 39 20 
98 32 25 
2 75 81 
77 20 50 
33 96 25 
69 28 46 
78 78 2 
71 15 62 
39 35 68 
33 84 31 
60 41 39 
70 43 30 
47 76 23 
40 87 23 
19 57 70 
34 29 86 
56 34 50 
61 61 22 
86 43 21 
45 79 23 
12 72 66 
27 90 34 
34 55 51 
40 50 49 
35 57 48 
85 25 39 
3 60 99 
80 55 15 
32 76 37 
38 44 58 
79 24 44 
49 79 20 
23 93 37 
22 69 54 
35 76 34 
2 68 90 
57 8 92 
8 57 92 
93 48 14 
13 46 99 
78 23 46 
14 70 65 
49 18 83 
50 76 21 
55 19 73 
74 85 1 
36 25 91 
46 73 26 
37 42 62 
30 27 99 
36 26 89 
40 39 62 
33 35 78 
94 21 39 
59 12 81 
21 46 82 
37 50 53 
78 4 75 
96 64 2 
58 20 68 
76 60 14 
9 63 82 
22 72 52 
42 35 65 
68 7 80 
79 78 2 
68 82 6 
81 78 1 
11 89 55 
31 49 62 
55 11 89 
43 76 27 
59 64 22 
40 19 97 
30 39 77 
40 97 19 
64 51 28 
37 29 82 
9 64 81 
27 49 68 
13 61 77 
48 58 35 
46 36 59 
32 48 62 
34 52 55 
10 78 65 
77 7 71 
56 25 63 
17 62 69 
62 88 7 
33 38 74 
54 8 98 
1 92 69 
28 48 68 
40 64 38 
43 70 31 
58 31 53 
42 78 27 
23 64 58 
11 72 69 
29 35 86 
18 40 100 
69 22 55 
57 58 28 
67 5 86 
21 80 48 
56 8 95 
79 20 50 
9 78 67 
9 54 96 
43 40 58 
52 14 88 
95 22 38 
52 14 88 
48 97 13 
64 12 76 
5 85 68 
66 13 72 
33 59 50 
85 12 57 
76 69 9 
62 43 37 
77 53 19 
23 74 50 
37 52 52 
83 60 11 
64 78 11 
90 17 47 
28 80 40 
24 59 62 
45 31 68 
28 51 65 
60 94 6 
66 18 64 
14 51 90 
56 10 91 
61 44 37 
67 91 3 
14 80 58 
25 34 97 
97 51 11 
14 47 97 
49 39 53 
92 46 17 
1 69 93 
26 35 93 
79 16 56 
14 46 99 
69 24 53 
50 29 65 
65 29 50 
82 22 46 
63 25 57 
97 29 30 
17 68 64 
34 68 42 
71 49 26 
43 28 76 
19 40 99 
40 99 19 
89 17 48 
14 71 66 
17 44 96 
26 65 54 
59 23 64 
55 35 52 
38 45 59 
67 9 79 
16 50 88 
56 31 56 
19 63 66 
19 65 64 
51 32 60 
16 52 85 
58 28 58 
50 18 84 
35 35 77 
84 37 29 
46 38 58 
20 88 45 
46 66 32 
82 3 75 
36 51 55 
53 62 29 
34 67 43 
76 48 24 
77 78 4 
62 26 57 
33 50 60 
37 43 63 
19 73 57 
45 33 66 
18 98 42 
100 27 31 
80 79 2 
61 9 87 
48 78 23 
17 51 85 
62 44 37 
9 59 90 
62 20 66 
37 76 34 
66 25 55 
55 66 25 
66 11 77 
56 12 88 
33 94 28 
96 2 66 
73 37 36 
85 21 46 
82 48 21 
20 73 56 
18 74 58 
66 9 81 
7 98 57 
14 49 95 
2 73 87 
40 54 48 
32 45 68 
17 87 50 
78 33 37 
35 24 99 
95 24 37 
83 34 33 
60 61 25 
45 60 38 
68 5 87 
57 83 14 
53 19 79 
45 64 35 
75 79 5 
65 91 5 
96 8 57 
83 44 24 
8 81 68 
43 52 47 
97 55 9 
52 32 60 
44 52 46 
56 36 51 
31 28 99 
26 63 57 
84 18 51 
51 18 84 
66 16 69 
68 72 13 
40 59 44 
32 97 28 
1 69 95 
20 43 93 
34 29 91 
40 24 90 
37 77 34 
71 40 35 
91 21 43 
36 35 77 
68 20 61 
89 72 2 
98 23 37 
43 89 22 
72 29 46 
49 14 96 
10 57 92 
76 53 21 
82 45 24 
93 69 2 
63 63 22 
93 21 42 
23 78 49 
30 68 48 
61 30 54 
88 2 73 
98 48 14 
90 45 20 
3 86 73 
78 29 42 
24 70 54 
70 54 24 
70 24 54 
40 55 48 
43 66 36 
84 10 63 
73 40 34 
49 16 92 
56 76 19 
1 66 100 
53 10 99 
11 54 95 
73 27 48 
86 23 44 
39 29 83 
13 99 49 
58 20 72 
61 79 14 
11 64 81 
53 49 41 
28 61 57 
94 20 43 
42 35 69 
75 13 66 
29 32 96 
61 41 42 
100 9 54 
100 9 54 
13 81 61 
50 36 58 
1 69 96 
54 79 19 
29 38 85 
5 60 100 
16 68 68 
93 60 8 
38 75 35 
60 26 61 
64 30 52 
35 43 68 
87 71 4 
18 69 64 
67 22 60 
95 65 4 
35 32 85 
90 42 23 
48 66 32 
72 48 28 
42 68 36 
78 22 51 
83 9 66 
2 89 73 
17 62 73 
39 42 64 
80 7 72 
3 64 99 
67 6 88 
58 46 40 
33 74 41 
84 22 47 
47 22 84 
10 56 95 
65 100 2 
97 19 43 
38 34 77 
85 24 44 
84 8 67 
15 51 92 
51 27 70 
44 70 33 
24 46 82 
41 46 57 
74 48 27 
27 48 74 
74 84 4 
73 26 50 
60 96 7 
30 84 38 
63 25 60 
5 81 75 
70 77 10 
42 33 73 
24 87 43 
65 61 23 
7 89 65 
33 38 79 
84 69 7 
45 72 31 
79 59 16 
40 81 30 
8 65 87 
59 28 60 
98 9 56 
35 55 55 
84 24 45 
16 66 71 
81 79 3 
76 37 36 
89 24 42 
84 17 54 
26 34 100 
79 46 26 
26 44 82 
95 7 61 
85 59 13 
53 73 24 
57 57 32 
24 41 91 
85 40 28 
68 66 18 
61 22 67 
89 20 47 
66 15 73 
86 44 24 
34 96 28 
41 65 40 
25 56 68 
14 97 50 
54 54 37 
11 56 94 
87 55 15 
50 23 79 
23 75 53 
64 8 89 
65 92 6 
74 50 26 
15 95 50 
27 62 59 
46 20 91 
74 72 11 
61 35 50 
38 63 45 
88 1 77 
17 91 50 
9 70 80 
63 67 21 
84 14 59 
41 67 39 
94 41 23 
59 86 13 
82 33 37 
84 23 47 
3 72 90 
29 32 99 
43 73 33 
72 52 26 
100 1 68 
85 9 66 
69 16 69 
43 62 41 
52 23 77 
69 94 3 
80 8 72 
67 11 80 
64 49 34 
55 90 14 
55 60 32 
41 73 35 
54 12 96 
18 67 68 
51 18 88 
17 53 87 
59 9 95 
43 61 42 
92 20 46 
39 92 26 
5 85 73 
10 81 68 
81 39 32 
82 64 12 
58 15 84 
54 55 37 
80 29 43 
91 7 65 
72 62 19 
56 33 58 
71 27 52 
53 22 78 
56 87 15 
72 41 36 
96 3 68 
69 68 17 
53 34 60 
62 81 14 
44 64 39 
66 49 33 
41 89 26 
41 26 89 
33 37 83 
37 47 63 
90 71 4 
8 70 83 
39 53 54 
94 34 30 
44 92 22 
38 46 63 
29 42 82 
38 63 46 
29 44 79 
81 27 45 
46 31 73 
28 61 60 
2 84 80 
82 15 60 
96 2 70 
99 60 7 
24 85 46 
89 7 67 
32 73 45 
35 77 39 
77 69 12 
2 99 68 
55 61 32 
75 1 92 
63 26 61 
70 25 56 
59 57 32 
10 59 94 
7 88 68 
95 37 27 
74 7 81 
12 72 74 
68 9 84 
68 65 20 
5 98 64 
86 41 28 
35 99 27 
52 37 58 
45 91 22 
98 58 9 
64 30 55 
57 37 53 
77 28 47 
81 42 30 
16 82 59 
50 28 73 
23 40 98 
50 67 32 
67 14 76 
90 41 26 
9 65 88 
72 76 11 
62 52 34 
57 93 12 
51 48 47 
37 73 40 
75 68 14 
11 73 75 
67 17 71 
76 39 36 
10 96 58 
59 40 48 
44 72 34 
100 38 24 
10 78 72 
44 29 80 
69 63 21 
91 60 11 
36 86 33 
79 56 20 
98 71 1 
54 70 27 
4 90 72 
18 53 87 
88 36 32 
82 28 44 
17 62 77 
72 29 50 
99 55 11 
55 22 77 
37 78 37 
55 27 69 
18 59 79 
59 18 79 
39 68 42 
94 21 45 
65 60 26 
97 41 23 
61 90 11 
22 70 61 
36 60 52 
64 52 33 
54 15 92 
99 7 61 
74 68 15 
29 87 40 
13 65 81 
90 54 16 
72 58 23 
55 36 57 
81 7 75 
68 20 66 
59 12 91 
27 52 73 
41 31 82 
70 91 5 
31 82 41 
63 8 94 
19 97 46 
17 60 80 
45 48 54 
38 25 99 
9 83 70 
78 1 90 
90 78 1 
51 51 45 
35 34 87 
11 58 95 
98 59 9 
65 16 76 
46 35 69 
19 65 71 
1 74 95 
10 90 63 
5 68 94 
51 35 63 
89 32 36 
63 88 11 
96 65 6 
23 67 63 
95 28 37 
73 59 22 
4 69 95 
56 59 34 
78 44 31 
85 2 81 
81 2 85 
21 48 90 
68 47 35 
48 79 27 
41 96 24 
76 28 49 
32 34 93 
40 51 57 
59 43 46 
11 94 59 
31 59 60 
36 51 62 
19 85 54 
17 77 63 
73 6 86 
61 71 22 
49 32 70 
57 12 95 
69 56 27 
40 28 90 
12 77 71 
40 27 92 
94 26 40 
90 9 65 
63 63 26 
25 71 57 
54 100 12 
100 54 12 
87 43 27 
68 39 43 
21 60 74 
75 84 6 
70 48 33 
74 21 60 
94 55 14 
46 25 86 
46 45 57 
69 50 32 
32 44 77 
33 88 36 
47 76 30 
41 63 45 
85 5 76 
92 18 51 
92 51 18 
55 18 86 
48 78 28 
32 36 90 
89 42 27 
64 19 73 
82 18 58 
63 11 89 
77 27 50 
96 45 21 
57 60 33 
71 85 8 
63 76 18 
98 57 11 
46 38 66 
10 74 78 
27 44 86 
77 37 39 
25 65 63 
41 95 25 
38 38 77 
85 18 56 
81 9 73 
86 81 2 
93 52 17 
46 83 27 
22 96 44 
68 83 11 
18 52 91 
76 13 71 
40 91 28 
41 60 48 
95 40 26 
44 94 23 
77 77 9 
26 46 85 
56 70 27 
74 84 7 
70 5 93 
50 28 76 
36 52 62 
79 8 77 
89 35 34 
69 39 43 
16 88 57 
91 23 46 
82 47 27 
81 58 19 
80 71 11 
37 93 30 
97 28 37 
58 25 71 
35 67 49 
30 80 45 
71 82 10 
48 88 23 
52 42 55 
50 78 27 
35 71 46 
33 46 74 
15 100 51 
42 68 41 
54 43 52 
54 37 59 
63 46 41 
100 67 4 
91 50 20 
53 34 64 
40 29 90 
25 40 98 
48 81 27 
51 54 44 
68 92 7 
59 82 18 
83 4 81 
89 61 13 
33 44 77 
92 22 47 
19 69 69 
45 52 52 
37 36 83 
7 69 91 
13 75 73 
14 93 57 
95 11 60 
71 27 56 
80 38 37 
92 32 36 
56 55 39 
79 12 71 
66 40 45 
35 92 33 
24 61 70 
98 36 29 
96 30 36 
18 80 61 
27 70 57 
66 91 9 
93 63 10 
52 23 83 
97 68 5 
50 32 71 
50 71 32 
54 56 40 
44 28 86 
45 25 90 
8 99 62 
64 70 22 
55 68 30 
77 6 84 
14 92 58 
18 62 79 
53 41 56 
29 40 91 
29 91 40 
71 85 9 
36 68 48 
36 76 42 
57 75 24 
21 62 74 
35 67 50 
40 27 95 
55 13 99 
83 29 45 
11 75 77 
49 18 98 
40 38 76 
53 42 55 
86 15 61 
78 16 66 
46 46 58 
90 13 61 
76 25 55 
72 88 7 
97 4 70 
4 97 70 
43 64 44 
55 52 43 
73 9 83 
35 44 75 
49 20 94 
29 38 95 
4 92 74 
32 40 86 
75 36 43 
65 91 10 
28 90 42 
81 23 54 
36 29 99 
75 81 9 
38 37 81 
96 4 71 
35 37 86 
37 86 35 
52 77 27 
100 65 6 
36 51 65 
97 72 3 
48 53 49 
83 70 11 
44 71 38 
73 48 33 
63 11 92 
69 77 15 
80 8 78 
79 79 8 
66 39 47 
59 11 98 
31 39 90 
95 61 11 
49 75 31 
29 60 65 
56 28 71 
45 36 73 
16 79 66 
44 48 59 
53 85 22 
85 22 53 
54 72 29 
66 97 7 
94 62 11 
75 73 14 
34 94 34 
30 98 36 
73 64 21 
33 57 63 
81 3 87 
7 73 88 
15 81 66 
4 83 83 
55 16 94 
25 76 56 
90 62 13 
61 19 80 
41 64 47 
13 79 71 
87 83 2 
45 96 23 
89 6 74 
45 64 43 
64 80 17 
59 71 26 
45 78 33 
75 8 84 
14 60 91 
88 50 23 
88 23 50 
15 85 63 
44 90 27 
31 86 42 
62 40 50 
96 24 44 
96 24 44 
37 37 84 
97 68 6 
32 73 50 
82 53 24 
78 69 15 
52 31 72 
61 69 26 
65 74 20 
35 81 41 
47 53 51 
13 84 67 
20 91 52 
91 56 17 
67 90 10 
81 65 16 
77 5 88 
63 67 26 
94 43 26 
74 35 46 
75 30 51 
30 51 75 
77 64 19 
59 85 18 
10 72 84 
90 42 29 
78 85 6 
86 37 36 
48 26 86 
48 86 26 
63 54 36 
99 31 35 
32 35 97 
65 61 29 
45 46 61 
63 59 32 
55 16 95 
4 87 80 
35 42 80 
90 53 20 
73 7 89 
73 23 62 
67 53 34 
26 45 91 
71 73 17 
89 73 7 
45 47 60 
99 61 10 
80 21 59 
70 95 6 
27 63 66 
39 80 38 
64 50 39 
26 88 47 
88 74 7 
75 83 9 
28 96 40 
85 54 22 
71 64 23 
33 43 82 
42 65 46 
26 93 44 
67 71 21 
30 94 39 
24 74 60 
81 9 77 
25 84 51 
77 81 9 
46 58 48 
34 82 42 
71 75 16 
76 64 20 
30 54 72 
67 85 13 
93 3 77 
1 100 75 
100 1 75 
61 26 70 
67 91 10 
4 91 77 
59 61 34 
78 15 70 
62 40 51 
31 98 36 
53 69 33 
26 76 56 
40 89 32 
27 95 42 
55 21 86 
67 17 78 
47 53 52 
92 51 21 
82 21 58 
85 6 79 
95 18 53 
37 44 75 
89 4 79 
18 92 55 
1 81 93 
64 59 32 
70 75 17 
23 74 62 
38 39 81 
50 20 96 
51 38 65 
2 90 82 
82 90 2 
52 80 27 
54 79 26 
73 34 49 
33 45 80 
65 79 18 
15 94 58 
29 99 38 
46 82 31 
96 12 61 
96 12 61 
75 6 90 
64 69 25 
46 60 47 
43 26 96 
91 18 56 
77 52 29 
47 29 84 
53 16 100 
39 51 64 
79 80 9 
7 87 76 
32 35 99 
44 51 58 
48 59 46 
43 42 70 
77 38 42 
33 46 79 
21 61 79 
78 49 31 
57 52 44 
20 48 100 
84 72 11 
35 46 76 
74 80 12 
60 38 56 
17 85 62 
57 88 19 
73 11 83 
25 87 50 
68 56 32 
92 20 53 
45 36 76 
63 24 72 
22 65 73 
11 82 74 
64 44 46 
48 50 55 
63 17 84 
58 57 39 
52 76 30 
97 44 25 
9 96 66 
5 87 80 
41 76 40 
93 22 50 
41 40 76 
33 37 94 
27 52 81 
49 74 34 
31 98 37 
56 19 90 
73 51 33 
27 69 62 
20 79 63 
55 23 84 
13 72 81 
44 75 38 
39 89 34 
52 69 35 
81 56 24 
100 55 15 
43 75 39 
30 60 67 
55 67 34 
22 76 63 
46 35 77 
21 53 91 
76 49 33 
44 59 51 
94 68 9 
74 45 38 
67 54 35 
86 65 15 
15 79 71 
21 62 79 
74 40 43 
61 82 20 
94 73 6 
38 69 49 
58 59 38 
7 92 73 
63 21 78 
60 15 93 
16 60 91 
22 66 73 
80 38 41 
84 19 61 
85 74 10 
66 10 95 
6 84 82 
82 6 84 
51 47 56 
17 92 58 
5 82 86 
26 76 58 
44 40 73 
82 44 34 
67 15 84 
45 46 64 
29 75 55 
49 29 83 
29 83 49 
90 39 34 
72 48 37 
75 23 63 
20 63 80 
99 68 7 
88 17 61 
83 19 62 
21 82 60 
79 57 25 
92 32 40 
61 32 64 
40 57 58 
32 63 62 
20 97 51 
29 79 52 
26 48 90 
92 33 39 
13 67 88 
65 37 54 
48 22 98 
62 78 22 
16 93 59 
59 17 91 
72 12 84 
94 20 53 
12 97 62 
69 53 35 
51 43 61 
5 92 77 
34 43 84 
63 22 77 
54 59 42 
86 60 19 
35 94 36 
92 72 8 
72 88 10 
91 62 15 
61 73 26 
62 24 75 
67 46 43 
31 53 75 
86 7 79 
35 34 98 
50 84 28 
83 14 70 
18 74 72 
54 29 77 
76 50 33 
78 73 15 
47 43 66 
56 81 25 
48 39 70 
75 97 4 
88 66 14 
92 56 19 
50 65 41 
89 5 80 
100 51 19 
85 46 31 
61 87 18 
81 92 3 
38 50 69 
81 90 4 
90 51 24 
75 85 10 
95 41 30 
82 93 2 
37 45 77 
69 61 29 
82 5 87 
53 40 63 
47 82 32 
85 45 32 
67 10 95 
22 88 55 
88 42 33 
83 90 3 
28 54 79 
77 39 43 
73 100 4 
84 87 4 
80 42 38 
6 72 97 
39 73 46 
76 92 6 
2 90 85 
100 20 50 
80 10 80 
88 76 8 
12 85 72 
13 96 62 
93 5 77 
72 11 87 
33 49 78 
79 2 97 
26 80 56 
99 36 33 
35 34 99 
73 96 6 
77 51 32 
15 81 71 
63 62 33 
25 49 92 
29 96 42 
85 24 55 
58 42 56 
47 62 47 
61 59 37 
81 68 17 
72 43 43 
41 28 100 
13 86 70 
76 3 99 
91 51 24 
91 74 8 
39 87 37 
27 74 60 
21 64 79 
29 100 40 
74 20 70 
74 20 70 
25 61 76 
42 89 33 
97 71 7 
57 16 98 
20 82 63 
44 38 78 
91 59 18 
78 17 71 
43 37 81 
26 55 82 
95 8 71 
43 39 78 
78 21 65 
56 62 39 
86 84 5 
83 91 3 
4 89 83 
68 15 85 
56 55 45 
30 58 72 
2 84 92 
62 61 35 
28 74 59 
54 32 74 
42 43 74 
70 27 64 
72 10 90 
63 18 86 
18 86 63 
86 69 14 
24 100 46 
1 81 98 
8 73 93 
11 66 96 
59 86 21 
63 92 15 
26 57 80 
70 97 8 
34 85 44 
38 72 49 
36 88 40 
49 41 68 
70 87 13 
43 61 53 
87 64 17 
72 18 76 
51 67 40 
62 23 79 
77 28 57 
62 79 23 
32 38 99 
76 77 15 
40 85 38 
35 90 40 
92 50 25 
66 40 52 
48 78 35 
53 76 32 
50 23 96 
86 68 15 
65 79 21 
46 91 29 
92 83 3 
51 66 41 
47 31 86 
50 34 77 
52 99 20 
4 89 84 
3 91 84 
52 31 79 
77 64 23 
77 17 73 
86 53 26 
34 54 72 
72 54 34 
71 47 41 
29 63 69 
63 29 69 
51 26 89 
82 56 26 
60 95 16 
87 18 63 
63 72 27 
27 83 54 
10 91 72 
67 32 61 
98 23 49 
77 49 35 
30 98 41 
51 48 58 
49 70 40 
5 99 74 
13 97 63 
80 59 25 
40 61 57 
40 57 61 
42 81 39 
79 16 73 
42 52 64 
31 85 48 
86 14 70 
33 50 79 
41 45 74 
96 70 9 
67 54 38 
12 64 98 
61 66 33 
98 36 35 
37 57 65 
15 88 67 
82 59 24 
59 24 82 
70 31 60 
83 22 61 
71 87 13 
43 83 37 
68 9 99 
51 35 75 
22 58 87 
8 75 92 
17 70 81 
41 73 46 
33 73 55 
84 31 49 
72 65 26 
98 52 21 
26 71 66 
91 76 8 
85 24 57 
48 48 62 
40 76 45 
2 85 93 
44 41 76 
96 45 28 
66 59 35 
85 42 37 
36 68 56 
68 82 18 
92 32 43 
90 13 69 
29 91 47 
71 49 40 
66 15 90 
90 1 90 
55 78 30 
79 62 24 
38 90 38 
59 52 47 
28 80 56 
37 47 78 
37 68 55 
83 27 55 
75 67 23 
38 69 53 
7 90 79 
7 74 96 
58 52 48 
49 51 58 
77 16 76 
71 68 25 
98 23 50 
89 33 44 
51 31 82 
11 87 75 
56 53 49 
2 82 97 
75 26 63 
63 26 75 
90 81 6 
14 72 85 
100 42 29 
35 76 51 
32 73 57 
46 27 97 
49 94 26 
23 59 85 
67 22 77 
77 22 67 
25 49 96 
43 74 44 
54 20 98 
86 57 24 
95 29 45 
43 62 54 
83 92 4 
94 58 19 
31 40 100 
63 18 89 
83 53 29 
90 53 25 
94 85 2 
37 76 49 
70 71 24 
50 27 91 
46 62 51 
48 87 31 
86 17 67 
78 94 6 
61 94 17 
73 30 60 
54 45 60 
81 28 56 
63 58 39 
99 43 29 
79 89 8 
71 58 33 
64 17 90 
1 82 100 
55 69 37 
25 66 74 
12 92 70 
96 67 12 
24 59 84 
71 8 99 
71 50 40 
43 85 37 
85 37 43 
74 69 23 
28 62 74 
62 82 23 
8 82 86 
86 63 20 
38 95 36 
95 38 36 
9 71 97 
97 71 9 
49 41 71 
40 59 61 
4 95 81 
85 83 8 
100 15 60 
54 23 93 
68 33 61 
76 87 11 
56 63 41 
48 93 28 
58 34 70 
86 66 18 
13 93 68 
13 63 100 
38 99 34 
100 69 9 
51 54 54 
71 20 77 
97 85 1 
41 35 92 
67 18 85 
94 7 77 
100 3 79 
83 48 34 
85 91 4 
26 60 80 
55 67 39 
64 68 31 
94 2 86 
9 73 95 
22 55 94 
19 80 70 
75 27 63 
54 83 29 
92 28 49 
56 28 82 
23 78 66 
45 47 69 
21 63 85 
76 13 84 
33 72 58 
58 78 29 
94 74 9 
10 74 92 
52 81 32 
31 75 58 
5 95 80 
18 82 70 
24 100 49 
96 16 62 
97 29 45 
53 90 26 
26 53 90 
36 59 67 
97 60 17 
94 20 58 
22 66 80 
25 69 72 
49 30 89 
64 36 62 
64 76 26 
50 36 78 
37 46 82 
97 2 84 
63 16 95 
21 53 100 
53 22 98 
84 3 95 
61 83 24 
26 95 50 
13 66 97 
92 22 57 
79 59 28 
24 99 50 
25 63 79 
77 62 27 
52 65 44 
77 36 51 
65 45 51 
81 67 21 
44 75 44 
55 27 86 
75 71 22 
86 55 27 
57 85 26 
24 72 71 
31 66 67 
45 52 64 
71 80 19 
4 80 98 
14 67 94 
48 29 93 
46 51 64 
83 60 25 
33 58 73 
89 45 34 
82 28 57 
25 76 66 
64 21 85 
89 8 81 
58 59 44 
96 25 51 
97 65 14 
48 63 50 
66 40 56 
72 14 88 
30 51 87 
48 45 69 
61 89 21 
68 27 71 
56 70 37 
85 78 12 
38 50 76 
81 28 58 
46 55 60 
23 57 91 
71 64 30 
98 42 32 
71 39 53 
16 99 61 
86 43 38 
25 98 50 
30 70 65 
60 40 62 
86 7 86 
70 30 65 
97 17 61 
62 88 21 
58 56 47 
77 94 8 
54 80 32 
41 47 76 
93 73 11 
62 72 31 
55 27 87 
64 16 95 
70 11 97 
82 47 37 
83 14 77 
21 91 60 
90 4 88 
35 58 71 
35 58 71 
74 22 73 
2 94 88 
92 8 79 
75 48 41 
51 25 97 
16 74 83 
68 12 98 
78 32 56 
47 29 96 
68 13 96 
51 77 37 
39 37 95 
85 31 52 
31 55 81 
16 63 97 
53 36 76 
12 78 86 
43 44 78 
77 99 6 
27 70 70 
35 92 43 
18 73 81 
90 64 19 
59 19 97 
49 83 35 
89 58 24 
31 45 96 
62 53 47 
62 53 47 
52 25 96 
46 56 60 
33 62 70 
75 18 79 
45 30 98 
63 69 33 
6 86 89 
55 83 30 
87 6 88 
47 31 93 
86 91 5 
53 91 27 
47 93 31 
99 54 22 
47 80 39 
91 74 12 
14 76 85 
17 62 97 
41 63 59 
100 17 60 
58 21 95 
58 95 21 
57 89 25 
14 82 79 
50 67 46 
88 66 19 
36 82 49 
15 72 88 
7 94 80 
53 57 52 
81 8 91 
82 24 64 
87 17 70 
40 100 34 
96 28 49 
70 52 42 
77 90 11 
16 79 79 
47 75 43 
40 93 38 
91 13 73 
32 68 66 
96 77 8 
32 44 97 
6 92 84 
57 61 45 
19 69 85 
33 71 62 
78 95 8 
95 40 37 
97 26 51 
18 77 78 
20 80 72 
11 81 86 
90 71 15 
68 78 24 
64 81 25 
28 89 54 
48 47 69 
49 40 77 
68 60 37 
52 28 92 
68 60 37 
30 93 49 
46 96 31 
91 89 4 
82 75 17 
4 90 90 
41 61 62 
55 24 95 
27 54 91 
27 91 54 
24 75 71 
17 97 63 
35 54 78 
96 61 19 
61 61 42 
92 25 56 
75 52 39 
43 58 63 
65 82 24 
60 80 29 
66 52 46 
54 38 74 
78 16 81 
94 73 12 
84 91 7 
21 76 75 
91 43 37 
75 34 58 
33 73 61 
67 68 32 
34 45 93 
74 25 71 
96 60 20 
86 6 91 
17 68 91 
97 31 46 
32 50 89 
12 71 97 
43 41 85 
87 29 55 
41 85 43 
99 46 30 
55 24 96 
65 36 65 
33 51 86 
33 51 86 
29 77 63 
68 73 28 
36 47 87 
37 76 54 
29 90 53 
90 44 37 
51 77 39 
77 88 13 
20 98 59 
64 60 41 
50 52 62 
96 66 16 
73 82 19 
49 35 86 
36 79 53 
7 82 94 
46 51 68 
81 33 55 
44 41 84 
85 18 72 
12 89 78 
93 83 7 
97 73 11 
74 90 14 
26 60 86 
83 56 31 
64 43 58 
100 20 58 
59 72 36 
32 65 71 
70 32 66 
6 93 85 
36 43 94 
74 11 96 
89 43 39 
60 36 71 
15 92 71 
32 90 50 
52 40 75 
20 72 82 
76 31 62 
53 65 47 
57 87 28 
33 57 79 
68 21 85 
87 11 82 
61 18 100 
7 97 80 
16 88 73 
58 31 81 
95 13 72 
56 25 94 
45 38 88 
25 56 94 
79 56 34 
2 95 91 
79 30 61 
75 26 70 
34 72 62 
65 27 79 
69 53 44 
45 85 40 
63 50 52 
37 66 64 
52 77 39 
22 58 97 
88 85 9 
51 52 62 
82 60 29 
52 93 29 
28 98 50 
51 77 40 
18 68 91 
83 16 78 
57 66 43 
95 6 84 
85 63 25 
77 58 34 
68 76 27 
56 71 40 
32 48 94 
62 83 27 
99 32 45 
84 55 32 
86 61 26 
79 95 9 
73 71 27 
72 43 52 
21 59 98 
80 49 40 
63 82 27 
31 52 90 
91 88 6 
85 23 66 
67 89 20 
88 14 77 
91 81 10 
91 10 81 
37 59 72 
30 89 54 
12 76 93 
89 4 94 
69 41 57 
49 32 93 
67 84 23 
55 31 86 
56 80 34 
86 46 39 
61 60 45 
52 75 41 
35 47 91 
67 33 69 
12 92 77 
2 95 92 
40 74 54 
70 61 37 
36 81 53 
70 16 93 
41 59 67 
92 20 65 
53 26 98 
91 63 22 
84 9 90 
61 65 41 
57 87 29 
86 13 81 
75 36 58 
81 19 76 
84 7 94 
86 63 25 
84 13 83 
49 55 62 
57 24 96 
53 77 39 
82 65 26 
82 44 44 
100 12 71 
63 99 18 
74 36 59 
98 68 15 
61 20 98 
75 79 21 
19 93 66 
69 91 18 
25 78 70 
61 53 52 
100 34 43 
71 63 35 
90 76 14 
98 40 38 
4 98 86 
44 47 78 
45 46 78 
29 81 62 
51 57 58 
90 37 46 
95 9 80 
67 55 45 
68 70 32 
68 66 35 
11 89 82 
80 15 84 
33 97 46 
46 81 43 
82 71 22 
76 10 98 
90 63 23 
5 90 92 
86 85 11 
22 58 99 
55 42 71 
53 34 85 
77 47 45 
51 67 49 
67 50 50 
91 2 97 
2 97 91 
31 64 76 
78 13 90 
31 76 64 
26 96 55 
49 41 80 
56 91 28 
42 70 56 
22 74 79 
64 57 46 
96 1 94 
39 56 74 
66 21 90 
21 71 84 
58 85 30 
49 29 100 
37 82 52 
83 69 23 
78 8 100 
40 42 92 
79 91 12 
86 9 89 
74 12 97 
39 57 73 
17 95 68 
17 72 90 
30 79 63 
41 62 65 
68 99 15 
85 78 16 
47 61 59 
47 59 61 
54 89 31 
86 32 55 
78 39 53 
79 16 84 
23 62 92 
89 27 59 
79 97 9 
75 36 59 
87 29 58 
14 91 76 
53 63 51 
80 7 100 
52 36 84 
33 54 86 
25 90 61 
37 75 58 
57 67 44 
91 42 41 
34 60 77 
73 93 15 
78 89 14 
40 45 88 
81 8 97 
70 17 93 
69 82 24 
31 63 78 
13 73 97 
97 90 3 
57 54 56 
37 49 87 
25 99 55 
20 81 76 
98 7 82 
14 99 70 
48 32 97 
68 51 49 
10 88 86 
52 32 91 
58 38 74 
63 20 97 
83 52 37 
43 47 81 
73 49 47 
67 83 25 
24 91 62 
66 40 63 
39 100 39 
43 41 90 
38 59 73 
86 24 66 
32 83 58 
28 51 100 
76 19 83 
19 76 83 
34 73 64 
46 51 72 
42 44 87 
37 70 63 
18 93 69 
55 65 48 
83 73 21 
35 53 85 
87 60 28 
46 92 37 
53 82 37 
77 89 15 
69 95 17 
32 76 64 
68 76 29 
92 54 30 
52 46 71 
23 88 66 
45 99 34 
81 92 11 
57 35 80 
19 67 94 
22 85 70 
40 47 86 
32 66 74 
89 40 45 
25 65 86 
76 58 37 
88 96 5 
36 99 43 
17 98 67 
84 71 22 
95 65 20 
50 49 70 
35 66 70 
37 88 49 
74 43 53 
42 73 55 
82 20 76 
92 52 32 
98 59 23 
22 61 97 
78 51 42 
36 45 96 
67 57 45 
20 79 79 
16 71 95 
47 88 39 
78 11 96 
71 30 72 
20 66 94 
32 47 100 
10 98 78 
41 43 91 
57 55 56 
36 47 93 
85 42 46 
55 88 32 
87 50 37 
24 78 74 
94 85 8 
63 61 45 
48 67 54 
45 93 38 
81 42 49 
76 61 35 
82 78 19 
89 51 35 
93 26 59 
83 32 59 
45 46 81 
32 83 59 
49 54 66 
62 35 75 
65 56 48 
77 92 14 
86 18 76 
37 45 95 
59 73 39 
76 52 43 
80 21 77 
88 95 6 
20 86 73 
45 71 54 
42 87 45 
79 60 34 
25 62 91 
100 3 89 
85 15 82 
80 45 47 
98 8 82 
92 46 38 
18 80 82 
75 84 20 
61 78 34 
35 84 55 
68 35 69 
62 70 39 
78 97 11 
83 22 73 
64 63 43 
76 90 16 
93 2 98 
90 70 20 
55 53 61 
94 46 37 
37 46 94 
69 47 54 
79 96 11 
87 35 53 
73 67 33 
35 87 53 
53 39 81 
47 38 91 
91 38 47 
75 24 78 
56 29 93 
60 41 70 
44 54 73 
66 46 58 
76 40 56 
64 78 32 
85 26 66 
74 34 65 
75 58 39 
96 25 59 
29 59 89 
46 73 52 
35 98 46 
96 39 43 
65 58 47 
11 93 82 
33 62 79 
18 71 93 
64 59 47 
58 84 33 
49 43 81 
56 44 71 
60 39 73 
48 58 64 
91 11 84 
75 56 41 
52 72 47 
82 15 86 
59 69 43 
95 60 25 
73 19 89 
72 49 50 
31 52 96 
54 34 88 
64 26 88 
54 79 40 
18 66 100 
63 57 50 
87 45 43 
92 65 23 
42 38 100 
91 10 86 
71 52 48 
99 84 7 
2 95 97 
70 30 75 
10 99 79 
75 87 19 
50 39 86 
58 61 51 
25 64 90 
85 28 64 
16 78 89 
58 68 45 
98 31 51 
97 29 54 
51 79 43 
28 58 93 
74 77 26 
69 40 63 
63 22 97 
63 73 37 
39 43 97 
75 65 34 
45 36 99 
69 91 21 
95 7 88 
82 16 85 
83 16 84 
71 65 37 
93 29 57 
99 29 53 
35 82 58 
44 72 56 
85 24 70 
39 84 52 
99 8 83 
81 18 83 
94 10 84 
89 21 71 
94 21 67 
73 39 61 
90 66 24 
100 93 2 
40 59 74 
73 32 70 
86 92 10 
69 80 28 
1 95 100 
72 52 48 
35 60 80 
67 19 98 
31 93 55 
81 71 26 
59 69 44 
40 45 93 
62 52 57 
19 78 85 
45 59 68 
48 54 70 
48 70 54 
31 62 84 
56 43 74 
95 39 45 
29 69 79 
45 64 63 
45 64 63 
24 92 65 
34 82 60 
46 67 59 
90 96 6 
81 55 39 
21 64 99 
69 68 37 
60 71 42 
71 34 70 
94 26 61 
56 44 73 
18 79 86 
63 63 46 
94 37 48 
75 98 14 
86 62 30 
26 59 97 
77 77 25 
44 72 57 
65 84 29 
54 29 99 
46 54 73 
33 54 92 
92 25 64 
3 94 98 
97 95 3 
35 73 67 
73 95 17 
71 92 20 
72 24 84 
85 63 30 
48 85 43 
28 70 80 
63 39 72 
87 94 9 
34 51 95 
83 84 17 
93 9 88 
85 35 57 
25 91 65 
53 65 54 
22 79 80 
15 78 93 
100 18 68 
52 64 56 
73 33 70 
94 28 59 
88 7 97 
62 28 90 
52 62 58 
19 83 81 
49 41 87 
85 23 73 
92 70 21 
86 16 83 
84 16 85 
85 84 16 
76 49 49 
30 95 56 
46 36 100 
18 87 79 
53 43 79 
77 72 29 
72 29 77 
95 46 39 
44 79 52 
83 28 68 
54 93 33 
5 94 95 
31 98 53 
75 50 49 
49 75 50 
10 95 85 
75 49 50 
78 36 62 
75 39 61 
51 79 45 
40 76 59 
98 73 16 
75 70 32 
96 99 2 
49 67 57 
55 30 97 
75 85 22 
38 46 97 
20 68 97 
82 93 13 
50 56 67 
38 84 55 
26 66 89 
48 62 63 
54 73 47 
85 68 27 
57 37 83 
54 87 37 
77 62 37 
13 91 84 
88 96 8 
99 22 64 
50 73 51 
60 92 29 
44 85 48 
44 48 85 
46 71 57 
86 73 23 
75 16 96 
99 41 42 
64 56 53 
39 52 87 
74 85 23 
59 33 87 
16 100 72 
94 28 60 
97 6 91 
72 62 41 
90 82 15 
97 19 70 
58 97 28 
97 28 58 
35 56 88 
64 33 81 
95 50 36 
77 29 73 
94 16 77 
68 30 81 
53 39 86 
64 28 89 
85 70 26 
28 83 69 
2 100 96 
93 88 10 
94 67 23 
86 88 14 
88 28 65 
15 95 78 
83 72 26 
17 71 100 
91 27 64 
99 57 28 
99 34 50 
81 22 80 
39 65 72 
99 13 78 
13 99 78 
72 39 65 
51 56 67 
86 35 58 
90 8 95 
21 67 98 
82 36 60 
89 16 82 
8 92 93 
72 46 57 
24 98 63 
97 46 39 
64 60 50 
81 42 54 
21 77 86 
48 82 47 
93 30 59 
100 79 12 
61 29 92 
21 85 78 
36 61 81 
59 85 35 
95 64 25 
34 67 77 
65 26 92 
83 21 80 
94 14 81 
51 98 34 
52 77 47 
84 41 53 
83 77 23 
24 93 67 
48 43 88 
24 97 64 
49 77 50 
40 99 44 
47 88 44 
82 93 14 
62 83 34 
99 4 94 
89 61 31 
73 34 71 
64 99 23 
70 48 57 
38 55 86 
55 38 86 
33 97 53 
36 98 49 
68 92 24 
40 90 50 
89 14 86 
82 83 20 
73 32 74 
24 85 74 
75 63 39 
32 89 60 
70 64 42 
55 32 96 
31 82 67 
75 84 24 
53 40 86 
82 22 80 
81 22 81 
39 73 65 
79 14 97 
57 31 95 
72 44 60 
72 60 44 
94 15 80 
47 74 55 
33 89 59 
67 75 36 
67 71 39 
47 95 40 
51 34 99 
97 57 30 
45 42 95 
25 73 85 
30 84 67 
81 14 95 
64 98 24 
5 92 100 
92 57 33 
17 93 78 
24 67 94 
81 67 32 
32 67 81 
91 83 15 
84 21 80 
23 70 92 
51 78 48 
78 50 49 
100 23 64 
65 56 54 
97 95 5 
52 63 60 
69 85 28 
36 99 49 
25 77 81 
69 32 79 
59 34 88 
88 10 95 
100 27 59 
60 61 54 
53 32 100 
35 55 92 
100 67 21 
88 44 48 
74 32 74 
44 91 46 
75 24 85 
74 59 44 
99 11 83 
38 70 70 
63 66 47 
92 93 9 
70 51 55 
63 28 93 
94 61 29 
37 63 79 
87 91 13 
52 46 80 
98 57 30 
42 58 78 
81 69 31 
68 99 21 
65 48 63 
32 83 66 
59 97 29 
95 63 27 
15 93 82 
100 22 66 
67 85 30 
99 10 85 
94 35 54 
28 64 92 
83 52 44 
35 64 81 
68 55 53 
18 80 90 
18 80 90 
70 63 44 
78 72 31 
36 87 58 
38 84 58 
91 15 84 
93 66 26 
76 74 31 
43 86 51 
89 11 93 
51 61 64 
83 23 79 
64 89 30 
88 10 96 
77 82 25 
49 86 45 
66 35 79 
94 52 37 
18 76 95 
82 30 70 
15 79 97 
64 96 26 
71 22 94 
76 44 58 
100 42 43 
68 63 46 
100 11 83 
61 55 60 
46 66 65 
52 41 88 
65 66 46 
59 70 48 
57 99 30 
45 50 85 
52 49 77 
49 46 85 
81 22 83 
35 92 56 
48 60 69 
52 71 54 
95 81 15 
76 76 30 
82 76 26 
18 98 74 
47 91 44 
60 30 95 
41 53 87 
43 65 70 
36 69 75 
63 26 98 
55 42 83 
43 68 67 
71 31 80 
74 22 91 
34 56 94 
11 96 87 
62 83 36 
38 55 89 
36 72 72 
63 44 71 
72 29 82 
100 5 94 
30 68 85 
97 29 60 
47 74 57 
25 85 75 
78 99 15 
50 44 87 
5 97 97 
31 76 75 
56 48 74 
76 25 84 
11 91 92 
63 34 85 
87 47 47 
43 49 90 
43 93 47 
98 79 15 
79 62 39 
58 81 41 
34 93 57 
77 44 58 
71 30 82 
74 42 63 
79 40 61 
55 58 64 
61 75 43 
74 97 19 
42 95 47 
89 72 25 
77 85 24 
97 67 24 
92 43 48 
55 33 98 
95 62 29 
27 87 71 
66 34 82 
96 17 78 
42 69 68 
47 65 66 
76 80 28 
51 99 36 
88 87 16 
12 88 94 
18 92 80 
88 12 94 
65 93 28 
34 59 91 
68 34 80 
76 49 54 
42 48 94 
90 54 39 
38 53 93 
91 78 20 
50 76 53 
21 99 70 
88 46 48 
15 91 86 
24 73 90 
84 14 95 
79 23 85 
88 9 100 
95 27 65 
29 97 61 
89 33 62 
27 77 81 
69 90 27 
66 51 61 
63 71 45 
21 98 71 
73 37 71 
89 39 55 
80 71 32 
55 56 67 
27 98 63 
96 46 43 
97 54 35 
47 72 60 
54 66 58 
33 68 82 
99 8 91 
23 91 74 
53 39 92 
24 86 77 
58 55 65 
92 60 33 
82 22 84 
80 41 60 
55 64 59 
56 41 85 
51 55 73 
88 39 56 
98 32 57 
82 75 28 
35 74 73 
45 54 82 
76 81 28 
53 78 49 
99 78 16 
46 98 42 
59 76 45 
96 30 61 
95 29 63 
91 92 12 
77 69 36 
54 91 39 
69 36 77 
49 60 70 
44 62 74 
45 95 45 
67 48 64 
36 71 75 
29 83 73 
47 57 76 
61 35 88 
71 55 53 
45 85 52 
44 80 57 
64 44 72 
13 84 98 
78 94 19 
97 77 18 
90 39 55 
40 69 72 
89 20 81 
97 33 57 
44 97 45 
54 69 56 
54 80 47 
22 69 100 
90 14 90 
29 62 97 
83 43 56 
69 35 79 
83 37 63 
21 77 92 
16 94 83 
78 98 17 
98 86 12 
70 35 78 
59 73 48 
93 84 16 
51 87 45 
43 82 57 
38 72 72 
24 81 83 
68 36 79 
43 54 86 
83 51 48 
75 93 22 
77 89 23 
54 73 53 
54 97 36 
58 77 46 
72 82 31 
29 67 91 
28 98 63 
28 94 66 
18 83 91 
100 97 5 
65 92 30 
36 73 74 
78 31 76 
89 45 50 
62 85 37 
50 69 61 
30 60 99 
100 49 39 
83 80 25 
71 30 85 
52 58 70 
86 97 13 
57 45 80 
53 88 43 
89 17 87 
44 44 100 
28 68 92 
96 20 76 
67 78 38 
90 27 71 
8 99 93 
61 67 52 
86 40 58 
25 69 96 
48 59 74 
85 22 83 
15 83 97 
84 22 84 
24 79 86 
69 91 28 
90 74 25 
47 84 52 
47 47 91 
100 16 79 
16 91 87 
22 75 94 
94 22 75 
54 65 61 
100 29 61 
71 84 31 
89 89 16 
55 59 66 
63 28 99 
74 51 56 
63 89 34 
72 68 42 
55 64 61 
36 70 78 
87 48 49 
77 71 36 
50 45 90 
64 48 69 
88 34 64 
42 80 61 
48 65 68 
64 36 85 
89 18 86 
96 46 45 
95 53 39 
31 88 68 
100 75 19 
100 78 17 
81 57 45 
100 27 64 
44 67 71 
89 32 66 
76 75 34 
24 89 77 
75 23 93 
66 36 83 
93 8 100 
23 71 98 
78 93 21 
88 22 81 
13 95 89 
39 54 94 
95 30 64 
26 87 76 
67 88 32 
26 67 98 
62 88 36 
54 43 88 
93 16 86 
53 60 68 
56 56 69 
76 81 30 
76 81 30 
33 65 89 
60 74 48 
48 60 74 
82 28 78 
60 82 42 
88 49 48 
49 73 60 
97 46 45 
87 27 75 
29 85 74 
56 34 100 
56 79 48 
74 55 53 
64 57 60 
87 45 53 
63 97 30 
70 64 48 
40 96 52 
23 74 95 
94 25 72 
79 77 31 
97 71 24 
74 90 26 
74 90 26 
53 73 56 
83 20 90 
83 27 79 
67 30 92 
27 80 82 
27 80 82 
93 60 35 
75 89 26 
94 9 98 
71 73 40 
61 43 80 
72 27 91 
90 95 13 
22 88 82 
98 40 51 
62 69 51 
69 51 62 
51 86 48 
77 26 87 
74 46 63 
97 25 70 
78 38 69 
63 91 34 
78 86 26 
38 77 70 
37 61 89 
42 76 66 
85 34 68 
81 91 21 
26 84 80 
94 93 12 
86 15 96 
98 45 46 
36 99 55 
47 95 46 
75 58 50 
74 49 60 
94 53 41 
55 61 66 
75 85 29 
42 52 94 
29 63 100 
10 97 94 
60 99 32 
48 68 67 
62 98 31 
93 34 62 
73 34 80 
81 90 22 
94 19 82 
85 74 30 
80 100 17 
66 98 28 
72 23 99 
52 50 83 
51 83 51 
89 42 56 
59 53 71 
80 44 61 
58 54 71 
90 16 91 
91 16 90 
28 67 97 
38 71 77 
99 6 100 
51 56 77 
92 71 28 
82 80 28 
30 70 90 
79 62 44 
76 21 98 
35 99 57 
86 14 99 
26 98 69 
68 46 70 
47 51 89 
66 40 80 
18 100 79 
56 41 91 
84 17 96 
35 60 95 
68 82 37 
99 93 10 
83 34 71 
33 68 88 
33 88 68 
84 45 57 
46 60 79 
88 30 72 
88 72 30 
19 81 96 
41 57 90 
71 96 26 
61 35 94 
49 53 84 
64 80 42 
46 83 57 
8 98 98 
97 27 69 
99 85 15 
71 35 82 
39 61 88 
76 84 30 
28 67 98 
68 50 66 
87 47 53 
54 49 83 
29 89 73 
95 33 63 
65 74 46 
86 56 45 
58 36 97 
75 47 63 
18 85 94 
51 43 96 
47 51 90 
43 96 51 
76 27 89 
54 39 98 
69 53 62 
76 80 33 
69 54 61 
69 54 61 
88 91 18 
89 82 23 
37 89 63 
72 89 30 
87 78 27 
95 86 17 
56 60 68 
29 78 84 
87 36 66 
41 81 65 
65 81 41 
63 45 78 
88 88 20 
70 48 67 
22 91 82 
49 44 98 
85 51 51 
50 47 92 
60 65 59 
62 46 78 
49 95 46 
41 79 67 
55 41 94 
61 73 51 
49 69 67 
54 94 42 
31 64 98 
63 43 81 
46 83 58 
82 93 21 
30 79 82 
72 61 52 
82 85 26 
83 65 40 
46 100 46 
72 28 93 
32 89 70 
24 76 95 
61 71 53 
71 53 61 
65 38 86 
65 36 89 
64 75 47 
22 79 95 
36 81 72 
33 79 78 
64 92 35 
88 41 60 
73 36 80 
77 83 31 
66 36 88 
99 24 73 
57 58 70 
93 22 81 
69 56 60 
59 57 69 
100 56 37 
66 44 77 
91 98 13 
75 25 95 
71 100 25 
71 37 81 
48 66 72 
38 68 83 
62 79 46 
76 44 67 
67 60 58 
59 45 84 
66 84 39 
62 65 58 
91 73 29 
90 35 66 
96 26 73 
81 70 38 
25 77 93 
30 84 78 
80 42 66 
39 93 59 
65 93 34 
71 80 38 
76 27 91 
72 41 75 
90 42 58 
69 98 28 
73 57 56 
53 72 61 
62 85 42 
36 62 94 
79 66 43 
68 73 46 
69 72 46 
84 37 69 
70 63 53 
45 48 100 
78 51 58 
44 56 90 
72 39 78 
14 94 94 
34 84 73 
49 76 62 
54 63 69 
85 25 85 
74 83 34 
67 54 65 
100 31 64 
19 96 84 
33 98 63 
75 49 63 
96 43 53 
66 85 39 
73 29 92 
26 73 97 
97 26 73 
89 45 56 
70 38 82 
30 78 85 
61 61 64 
98 11 96 
84 66 40 
68 89 35 
71 87 34 
98 51 44 
14 90 99 
74 93 28 
10 100 96 
80 79 33 
61 37 95 
80 71 39 
71 63 53 
97 35 62 
55 60 72 
22 94 82 
36 79 76 
76 79 36 
60 40 92 
13 97 94 
66 48 74 
61 56 70 
48 73 67 
79 34 79 
43 56 93 
98 64 33 
41 99 54 
51 61 76 
78 83 32 
62 68 57 
80 41 69 
87 73 33 
96 54 43 
65 64 58 
86 26 84 
68 30 98 
64 35 95 
64 35 95 
93 72 30 
27 98 72 
77 92 27 
57 92 43 
29 90 76 
73 80 38 
86 41 64 
51 81 57 
94 15 94 
88 59 44 
94 74 28 
55 98 41 
84 76 33 
37 61 96 
76 31 87 
39 70 82 
10 99 98 
98 75 25 
35 62 98 
99 80 21 
95 79 24 
96 17 89 
88 70 35 
42 64 85 
81 85 29 
74 39 78 
20 90 90 
27 83 86 
99 69 29 
39 76 76 
67 100 30 
56 91 45 
44 86 61 
70 64 54 
96 25 77 
30 95 71 
55 63 70 
78 52 59 
47 87 57 
96 91 16 
58 71 59 
48 73 68 
78 73 40 
89 85 24 
85 39 68 
45 97 52 
75 50 64 
83 98 20 
85 45 61 
18 96 88 
66 38 89 
95 15 94 
42 68 81 
57 48 86 
76 96 26 
76 45 69 
45 93 55 
69 37 87 
10 98 100 
61 53 75 
98 93 14 
94 13 99 
74 26 99 
76 32 87 
22 86 92 
71 81 40 
71 77 43 
82 34 78 
77 49 64 
53 58 79 
46 53 95 
89 33 73 
86 62 44 
58 72 59 
68 74 48 
84 52 55 
95 47 52 
30 72 95 
81 64 46 
35 74 85 
79 77 37 
95 82 23 
40 66 87 
77 62 51 
59 40 96 
96 70 31 
44 72 75 
81 47 63 
83 76 35 
64 34 99 
86 67 40 
46 94 54 
29 72 97 
100 99 10 
17 99 88 
64 60 65 
56 47 90 
99 35 63 
27 81 90 
84 90 25 
80 29 88 
47 60 85 
74 76 42 
100 89 16 
61 88 44 
30 71 97 
54 74 62 
71 52 67 
48 65 78 
24 100 77 
100 18 86 
46 51 99 
71 73 47 
51 48 96 
95 94 16 
96 38 62 
79 25 96 
92 92 19 
40 97 59 
64 46 82 
36 66 94 
97 28 74 
27 73 100 
26 98 76 
86 63 44 
22 81 99 
22 81 99 
57 40 100 
65 46 81 
76 72 44 
18 96 90 
47 95 53 
18 91 95 
97 26 77 
98 62 37 
90 44 60 
50 75 66 
59 78 54 
44 94 57 
97 24 80 
79 67 46 
58 67 65 
57 83 52 
33 67 98 
14 96 97 
96 14 97 
79 84 33 
71 93 33 
38 68 89 
40 99 58 
60 66 64 
80 31 86 
20 89 94 
77 94 28 
62 76 53 
86 25 89 
79 95 26 
39 81 74 
69 99 31 
52 100 45 
49 94 52 
81 78 36 
67 37 92 
37 73 85 
56 42 99 
44 88 62 
42 66 86 
12 97 100 
21 85 97 
28 80 91 
24 78 100 
42 95 59 
90 41 64 
37 76 82 
38 60 100 
77 37 81 
73 56 62 
97 28 75 
90 69 37 
46 99 52 
73 60 58 
20 99 85 
80 55 57 
91 96 18 
92 78 29 
61 72 58 
79 69 45 
29 79 91 
71 61 59 
86 78 33 
90 17 99 
45 63 86 
44 65 85 
38 77 80 
69 58 64 
83 60 50 
98 63 37 
59 63 69 
96 40 61 
83 73 39 
84 76 36 
84 36 76 
19 99 87 
67 61 63 
95 22 86 
45 57 94 
86 29 84 
84 29 86 
34 94 70 
66 62 63 
64 97 37 
43 88 64 
62 40 95 
53 54 87 
80 43 71 
21 98 85 
16 95 96 
65 74 53 
75 47 71 
50 86 58 
24 87 91 
47 72 74 
57 42 99 
87 35 75 
50 55 90 
55 50 90 
89 86 26 
100 82 22 
49 60 85 
38 92 67 
39 65 93 
85 87 28 
66 43 86 
31 91 77 
72 44 78 
33 95 71 
45 80 69 
54 59 80 
74 93 32 
87 23 93 
40 93 64 
36 74 87 
36 87 74 
38 82 76 
71 64 57 
50 60 84 
49 72 72 
81 77 38 
45 77 72 
81 29 90 
27 83 91 
58 70 64 
94 17 96 
65 58 69 
49 88 58 
89 85 27 
84 84 31 
87 27 87 
74 31 95 
36 97 66 
38 70 89 
39 75 82 
69 98 33 
56 59 78 
85 65 45 
58 41 100 
69 51 73 
51 71 71 
19 90 97 
52 98 48 
82 44 69 
64 54 75 
18 99 90 
81 75 40 
21 95 89 
41 59 99 
97 97 15 
95 62 41 
94 49 54 
83 72 41 
71 93 35 
56 81 57 
51 79 64 
72 95 33 
73 58 62 
70 67 56 
25 92 86 
45 87 64 
87 91 25 
33 94 73 
99 69 33 
55 47 96 
87 22 96 
52 89 55 
76 67 51 
95 22 88 
66 38 95 
95 71 34 
80 82 36 
95 75 31 
68 84 44 
75 100 28 
90 44 63 
58 88 50 
98 30 74 
93 84 26 
52 56 88 
67 80 48 
95 78 29 
44 82 70 
44 82 70 
97 25 82 
90 84 28 
35 77 87 
23 96 86 
91 41 66 
79 94 29 
64 75 55 
56 91 50 
50 80 65 
34 74 92 
55 65 74 
14 98 99 
90 59 48 
38 69 92 
86 98 22 
86 52 58 
80 63 52 
86 58 52 
20 95 92 
95 20 92 
68 56 70 
94 78 30 
89 60 48 
71 90 38 
96 56 47 
85 81 34 
68 62 64 
82 98 25 
98 25 82 
69 52 74 
76 78 43 
97 25 83 
52 61 83 
71 82 44 
96 87 23 
71 53 71 
75 86 38 
50 60 87 
48 77 71 
63 76 56 
60 59 76 
71 42 85 
82 60 54 
81 76 41 
38 66 97 
86 82 33 
50 76 70 
68 86 44 
99 16 96 
88 75 37 
59 72 64 
75 91 35 
72 90 38 
39 80 80 
68 36 98 
64 40 97 
65 78 53 
65 53 78 
76 35 90 
35 76 90 
57 49 93 
85 58 54 
82 32 88 
61 42 98 
68 64 63 
87 89 28 
64 64 67 
46 62 91 
88 60 50 
100 35 68 
75 36 90 
20 90 99 
64 82 51 
36 96 70 
56 92 51 
94 87 25 
96 64 41 
100 29 76 
85 33 84 
27 86 92 
34 91 77 
68 79 50 
51 66 80 
58 53 87 
43 92 65 
75 59 62 
96 16 100 
71 50 76 
39 77 84 
75 50 72 
96 73 34 
95 70 37 
32 74 98 
82 92 30 
57 45 100 
46 77 75 
71 51 75 
76 30 99 
56 61 80 
53 90 56 
70 100 34 
68 68 60 
53 67 77 
53 51 97 
67 61 68 
54 65 78 
74 31 100 
55 85 58 
35 79 88 
75 47 76 
86 46 67 
41 85 74 
92 23 93 
85 35 82 
75 68 54 
96 49 56 
93 89 25 
63 42 97 
53 96 52 
46 90 64 
62 59 76 
51 61 87 
78 39 84 
59 87 53 
65 58 74 
65 49 85 
55 95 51 
82 58 58 
69 71 57 
91 52 57 
67 52 79 
53 65 80 
84 34 85 
89 47 64 
28 85 93 
85 28 93 
75 40 86 
68 83 48 
81 71 47 
52 98 52 
68 78 52 
60 65 72 
89 28 89 
38 66 100 
51 90 59 
79 73 47 
27 97 83 
92 79 33 
79 33 92 
91 66 44 
63 56 79 
100 47 56 
87 47 66 
95 25 88 
62 79 57 
41 75 85 
76 54 68 
54 49 100 
69 39 95 
69 39 95 
84 38 80 
61 78 59 
60 60 78 
64 77 57 
88 61 51 
19 100 93 
42 97 64 
99 57 47 
88 60 52 
97 26 85 
83 28 96 
75 66 57 
56 60 83 
81 89 34 
88 40 74 
87 44 70 
82 39 81 
94 74 36 
80 67 52 
36 74 94 
90 32 83 
82 56 61 
51 91 59 
45 87 69 
58 52 91 
62 86 52 
56 81 62 
40 70 93 
40 93 70 
87 46 68 
85 96 27 
62 71 65 
93 82 31 
79 30 98 
43 95 65 
58 61 80 
53 70 76 
93 74 37 
99 62 43 
64 68 66 
55 78 66 
84 91 31 
85 80 38 
45 66 91 
68 38 99 
92 37 75 
43 66 94 
69 50 81 
58 63 78 
86 36 82 
71 73 55 
53 83 64 
87 49 65 
55 93 54 
71 39 94 
59 99 46 
50 71 79 
95 47 61 
40 66 99 
44 93 66 
28 90 90 
61 75 63 
54 92 56 
82 97 29 
23 94 94 
91 60 51 
47 98 59 
71 38 96 
35 82 88 
41 94 69 
31 84 92 
64 44 96 
69 62 68 
99 22 91 
53 85 63 
95 32 80 
52 90 60 
22 96 94 
59 48 97 
77 55 68 
56 56 90 
84 85 36 
95 83 30 
74 93 38 
77 42 84 
60 53 89 
98 43 64 
84 62 55 
86 86 34 
71 44 88 
68 39 99 
89 58 55 
74 57 69 
58 50 96 
80 69 52 
60 83 58 
67 96 42 
92 33 82 
65 90 48 
77 47 78 
45 93 66 
66 93 45 
51 99 55 
49 83 70 
88 47 68 
92 88 29 
31 90 87 
29 91 89 
59 61 81 
33 77 98 
41 71 93 
81 49 72 
91 37 78 
80 39 86 
75 71 55 
78 84 42 
66 57 78 
53 65 84 
69 51 82 
96 33 79 
49 97 59 
49 67 87 
92 64 48 
74 35 99 
69 99 39 
59 65 77 
100 58 48 
64 51 88 
31 96 82 
93 74 39 
53 68 81 
83 89 35 
91 25 96 
85 49 69 
92 39 75 
58 83 61 
89 38 79 
53 69 80 
81 67 54 
33 85 90 
96 73 38 
63 53 87 
77 33 99 
58 49 99 
98 22 94 
69 40 98 
76 73 53 
71 62 68 
41 82 82 
69 70 62 
69 88 47 
98 28 85 
77 54 71 
30 84 96 
84 96 30 
81 45 78 
70 55 77 
77 77 49 
37 91 79 
99 95 21 
88 34 86 
77 69 56 
73 80 50 
42 93 71 
48 87 69 
91 89 30 
25 100 88 
71 81 51 
37 82 88 
52 89 63 
94 33 82 
80 40 86 
96 100 20 
97 27 88 
75 44 86 
78 79 47 
59 74 69 
85 76 44 
89 70 46 
54 58 93 
39 71 98 
64 75 63 
49 84 71 
56 65 82 
100 72 37 
92 44 70 
81 84 41 
41 82 83 
63 58 82 
95 42 70 
72 67 63 
98 79 33 
54 73 76 
67 70 65 
50 61 95 
72 55 76 
31 82 98 
59 59 86 
63 100 45 
61 79 63 
61 63 79 
59 60 85 
69 53 82 
78 80 47 
88 78 41 
87 90 33 
33 87 90 
88 38 82 
70 93 44 
83 79 44 
59 57 89 
53 93 60 
53 79 72 
94 82 34 
65 75 63 
65 95 47 
53 77 74 
70 72 61 
64 74 65 
61 96 50 
67 73 63 
74 76 54 
31 82 99 
92 45 70 
72 100 38 
98 41 70 
85 53 67 
78 69 57 
62 80 62 
67 43 99 
86 35 89 
75 57 72 
78 89 41 
98 51 59 
47 78 81 
65 78 61 
96 22 99 
97 98 22 
59 69 76 
74 52 79 
85 86 38 
95 82 34 
65 62 77 
40 75 94 
47 100 62 
66 49 92 
34 94 83 
60 74 70 
87 28 99 
84 49 73 
74 53 78 
73 46 88 
69 97 43 
91 98 26 
88 86 36 
52 97 59 
67 63 74 
33 98 81 
39 87 83 
53 66 87 
94 30 89 
91 30 92 
69 56 80 
70 69 65 
61 54 92 
37 84 89 
37 76 98 
73 56 76 
32 100 81 
66 80 59 
35 91 85 
48 87 72 
99 51 59 
61 64 80 
38 81 91 
97 81 34 
65 52 90 
99 53 57 
72 41 97 
77 87 44 
70 42 98 
60 86 60 
84 68 54 
44 86 78 
82 71 53 
69 45 95 
45 88 75 
76 36 100 
58 63 85 
53 81 72 
59 72 74 
84 94 34 
89 64 54 
41 95 74 
95 41 74 
53 77 76 
77 38 96 
96 88 30 
97 70 43 
88 83 39 
82 98 33 
94 75 41 
89 92 32 
99 96 23 
37 91 83 
55 88 64 
86 29 100 
67 91 50 
90 84 37 
100 42 69 
41 71 99 
41 71 99 
52 64 92 
88 62 57 
93 99 25 
100 51 59 
87 55 65 
40 82 88 
78 72 56 
98 37 77 
84 43 82 
60 53 96 
71 46 92 
73 87 48 
90 96 29 
79 51 77 
83 99 32 
31 92 91 
63 63 80 
48 75 85 
44 80 85 
82 87 41 
86 30 99 
66 85 56 
64 94 51 
98 30 87 
98 50 62 
100 21 99 
32 86 96 
68 77 61 
97 88 30 
94 63 52 
60 85 62 
81 72 54 
88 84 39 
98 79 36 
74 69 63 
58 57 94 
63 48 100 
88 37 87 
77 93 41 
95 67 48 
76 47 86 
57 56 97 
56 77 74 
90 50 69 
96 44 71 
80 51 77 
100 52 59 
65 50 95 
57 100 54 
54 64 91 
85 41 85 
90 99 28 
91 55 63 
36 78 100 
78 68 61 
70 60 77 
70 48 92 
84 45 81 
62 69 76 
69 92 49 
84 42 85 
70 62 75 
75 62 70 
99 31 86 
99 86 31 
93 73 45 
47 69 95 
50 77 82 
82 57 69 
27 99 92 
59 83 66 
68 66 73 
87 95 33 
49 96 66 
76 42 94 
100 32 84 
59 58 93 
98 74 41 
74 41 98 
70 45 97 
97 45 70 
88 62 59 
48 94 69 
40 96 77 
89 71 50 
92 56 62 
69 97 46 
34 87 94 
80 82 48 
69 78 61 
95 30 92 
57 85 67 
86 61 62 
54 66 90 
43 78 91 
58 91 61 
81 49 80 
79 90 43 
100 67 46 
95 58 58 
63 51 98 
97 66 49 
79 55 75 
90 59 61 
68 48 96 
95 76 42 
31 95 91 
44 90 78 
70 68 70 
79 89 44 
58 81 70 
52 75 83 
97 61 54 
97 55 60 
52 79 79 
62 66 81 
62 66 81 
91 75 46 
96 32 89 
38 98 79 
71 48 93 
95 51 66 
47 74 91 
96 35 85 
81 38 96 
96 38 81 
82 92 40 
60 86 64 
53 95 64 
78 66 65 
93 100 27 
63 71 75 
96 94 29 
65 75 69 
59 84 67 
66 68 75 
72 49 91 
70 66 73 
45 98 71 
86 34 97 
98 54 61 
91 77 45 
79 42 93 
60 58 94 
78 52 81 
95 91 32 
92 94 32 
43 78 93 
73 54 84 
92 79 43 
65 87 59 
53 96 64 
62 52 100 
75 75 60 
92 87 37 
46 88 79 
90 69 53 
93 35 89 
86 46 81 
85 40 90 
44 92 78 
39 97 80 
67 94 52 
93 76 45 
50 71 92 
69 67 74 
68 74 68 
80 81 51 
53 87 72 
100 74 42 
93 67 53 
73 47 94 
98 28 95 
97 96 28 
97 93 30 
41 98 77 
90 83 42 
86 78 49 
35 86 97 
63 97 54 
31 89 100 
97 59 58 
35 89 94 
80 41 95 
64 68 79 
68 79 64 
75 55 82 
87 51 75 
67 55 91 
75 43 98 
43 86 86 
48 75 91 
60 100 55 
76 71 64 
80 44 91 
65 91 57 
38 88 91 
76 56 80 
80 76 56 
84 83 47 
74 71 66 
90 66 57 
45 91 79 
71 71 69 
84 35 100 
82 92 42 
80 81 52 
41 78 98 
56 94 64 
78 53 82 
79 41 97 
67 82 63 
86 55 72 
50 87 77 
79 72 61 
66 100 50 
70 53 91 
33 96 91 
83 86 46 
31 94 96 
42 97 78 
92 56 66 
84 50 80 
77 62 73 
60 97 58 
86 97 36 
59 68 86 
71 77 64 
86 61 66 
58 84 71 
52 94 69 
70 75 67 
78 96 43 
32 92 97 
55 89 70 
71 71 70 
47 100 70 
73 59 81 
61 95 59 
73 81 59 
56 61 99 
58 67 89 
53 82 79 
65 94 56 
97 100 27 
64 98 54 
94 29 100 
75 84 55 
65 81 67 
57 71 86 
77 51 87 
83 37 100 
57 92 66 
96 66 54 
66 77 70 
32 92 98 
49 76 91 
37 98 85 
100 46 72 
74 68 71 
49 71 97 
85 62 67 
63 61 91 
62 62 91 
62 68 84 
46 73 99 
54 94 68 
64 84 66 
98 27 100 
58 63 95 
62 69 83 
95 61 60 
51 97 69 
95 44 79 
88 78 50 
84 91 43 
62 71 81 
72 62 80 
36 87 98 
44 75 100 
51 78 87 
63 88 64 
71 91 54 
91 78 48 
90 98 34 
56 92 68 
51 100 67 
81 84 51 
69 79 66 
67 61 87 
44 86 88 
76 49 92 
98 93 32 
66 71 77 
76 82 57 
41 79 100 
67 77 70 
79 85 52 
59 72 84 
91 67 58 
97 72 49 
76 91 50 
77 94 47 
60 72 83 
98 51 69 
81 49 87 
62 69 84 
45 97 77 
90 61 65 
63 63 90 
88 57 71 
99 39 83 
93 38 90 
59 94 64 
65 69 81 
79 73 63 
90 89 41 
74 53 90 
66 93 58 
100 67 52 
67 73 75 
84 59 73 
93 51 74 
92 61 64 
85 70 61 
96 92 35 
52 68 99 
67 59 91 
33 94 97 
65 85 66 
76 80 60 
70 58 89 
65 99 55 
90 62 65 
62 81 73 
82 63 71 
99 57 63 
82 69 65 
92 88 41 
81 64 71 
56 84 77 
89 65 63 
70 66 80 
68 54 97 
37 98 88 
44 78 99 
83 88 48 
66 72 78 
91 42 88 
79 44 98 
75 97 48 
69 72 75 
95 53 71 
81 53 84 
83 46 91 
92 64 62 
79 59 79 
91 43 87 
47 81 92 
92 93 38 
76 91 52 
90 47 83 
97 72 51 
63 82 72 
47 98 76 
63 75 79 
63 78 76 
59 62 99 
89 66 63 
83 48 89 
81 86 52 
86 48 86 
97 40 86 
62 98 60 
41 98 84 
41 98 84 
91 84 46 
84 46 91 
86 43 93 
77 92 51 
61 92 66 
74 89 56 
99 36 90 
81 77 60 
44 84 94 
72 94 54 
98 46 78 
90 59 70 
98 46 78 
56 87 76 
64 91 64 
94 71 55 
62 76 80 
94 56 70 
52 89 79 
76 63 79 
72 97 52 
66 71 81 
98 55 68 
99 74 49 
94 63 63 
57 98 66 
72 69 77 
93 51 77 
90 36 100 
47 82 93 
50 83 88 
92 60 68 
36 95 95 
97 99 32 
96 59 66 
80 62 77 
92 53 76 
54 99 69 
91 98 37 
74 81 64 
86 48 88 
55 74 92 
69 94 58 
76 95 51 
72 67 80 
50 93 79 
95 86 43 
79 100 45 
58 80 82 
58 82 80 
77 67 75 
87 49 86 
74 68 77 
63 94 64 
89 43 92 
57 72 92 
41 98 86 
44 84 96 
93 62 66 
62 98 62 
57 74 90 
84 73 63 
92 65 64 
58 96 68 
77 92 53 
83 82 56 
96 94 37 
96 62 64 
52 97 74 
60 88 73 
49 89 85 
87 53 82 
57 99 67 
43 88 94 
70 80 70 
98 91 38 
66 58 99 
78 73 69 
69 77 74 
55 97 71 
42 84 100 
100 84 42 
58 67 98 
49 97 78 
99 46 80 
84 74 63 
77 93 53 
52 80 91 
37 92 99 
81 90 52 
48 91 85 
47 99 79 
90 73 59 
88 99 40 
52 74 98 
84 52 87 
96 46 83 
98 89 40 
81 64 76 
96 67 60 
59 75 88 
48 99 78 
66 74 81 
71 68 82 
38 99 91 
86 84 53 
77 66 78 
67 80 74 
77 99 49 
52 95 77 
55 90 78 
98 70 56 
76 50 99 
76 61 85 
93 44 89 
70 60 93 
85 62 75 
55 84 84 
98 97 35 
79 53 92 
99 33 99 
97 60 67 
70 91 62 
68 70 84 
85 95 46 
59 96 69 
72 95 57 
74 66 82 
84 58 81 
57 100 68 
69 82 71 
81 69 72 
81 83 59 
99 34 98 
97 81 48 
61 87 75 
77 69 76 
94 59 71 
71 79 72 
73 78 71 
82 81 60 
75 100 51 
60 66 99 
89 79 56 
89 97 42 
97 56 72 
96 90 42 
61 93 70 
81 87 56 
86 99 43 
45 90 92 
91 91 45 
93 84 49 
69 97 59 
92 79 54 
79 65 79 
67 91 66 
66 67 91 
61 87 76 
99 92 39 
89 91 47 
100 60 66 
70 76 77 
91 56 78 
76 77 70 
93 98 39 
99 42 88 
72 75 76 
73 74 76 
99 69 58 
89 56 80 
88 66 70 
94 79 53 
80 82 62 
84 85 56 
82 62 80 
49 91 87 
94 92 43 
46 93 89 
87 86 53 
86 53 87 
75 66 83 
99 41 90 
80 66 78 
51 95 81 
69 83 72 
54 88 84 
67 79 78 
78 87 60 
99 73 55 
81 69 74 
55 81 90 
80 85 60 
84 60 81 
90 67 68 
98 81 49 
87 97 45 
100 67 60 
75 75 74 
56 83 87 
69 59 99 
84 56 86 
96 55 76 
65 86 74 
82 63 80 
98 60 69 
51 97 80 
74 96 57 
54 74 100 
90 76 60 
99 82 48 
73 62 91 
92 86 50 
97 44 89 
76 67 82 
97 69 61 
68 75 82 
52 96 80 
39 94 99 
73 70 82 
95 39 98 
75 69 81 
81 71 73 
66 71 89 
86 52 90 
40 97 95 
40 96 96 
54 95 79 
57 88 82 
80 54 94 
50 95 84 
75 85 66 
65 80 81 
87 96 47 
66 79 81 
68 84 74 
51 95 83 
83 95 51 
94 39 100 
59 83 85 
89 47 94 
76 95 57 
60 88 79 
51 85 93 
91 72 64 
73 56 100 
92 56 80 
98 77 54 
48 95 87 
61 71 96 
62 77 88 
73 79 74 
69 90 68 
63 87 77 
62 83 82 
38 96 100 
92 84 53 
66 67 95 
71 68 88 
69 88 70 
88 88 53 
64 82 81 
48 83 100 
94 66 68 
98 44 90 
59 81 88 
91 62 75 
92 68 68 
91 66 71 
83 61 84 
85 88 56 
50 82 99 
71 96 62 
75 75 77 
79 58 92 
87 77 64 
57 86 86 
94 61 74 
92 94 46 
73 88 67 
82 64 82 
94 87 50 
66 94 69 
39 100 96 
92 75 62 
99 79 53 
76 96 58 
82 60 87 
42 94 98 
88 80 61 
95 45 93 
92 87 52 
79 75 74 
55 96 80 
84 64 81 
57 98 76 
88 47 98 
98 39 99 
64 100 67 
86 99 48 
55 93 83 
81 60 89 
94 87 51 
67 79 83 
79 83 67 
40 99 97 
46 99 89 
91 74 65 
81 76 72 
49 96 88 
57 100 75 
95 93 46 
66 68 97 
64 78 88 
87 47 100 
76 99 57 
99 83 51 
41 99 96 
98 41 97 
90 97 47 
60 92 79 
52 82 99 
54 89 89 
69 100 63 
89 97 48 
92 90 51 
100 97 40 
73 98 61 
62 98 72 
90 86 56 
74 92 65 
88 56 88 
73 74 83 
98 43 95 
90 49 95 
61 96 75 
96 54 83 
72 68 91 
71 97 64 
90 58 84 
85 89 58 
92 59 81 
59 82 91 
82 84 65 
62 94 76 
97 42 98 
98 84 52 
95 70 67 
57 80 96 
59 76 98 
71 74 86 
66 72 94 
87 99 49 
72 74 85 
82 57 94 
53 84 97 
98 74 61 
76 83 72 
49 95 91 
53 95 86 
54 84 96 
84 96 54 
47 99 90 
88 78 66 
78 94 61 
61 94 78 
73 70 89 
60 82 91 
93 45 99 
93 56 85 
88 84 61 
100 46 91 
98 60 76 
54 99 82 
83 74 75 
68 99 67 
98 63 73 
63 98 73 
98 82 55 
99 47 91 
95 99 44 
79 95 60 
47 95 95 
64 85 84 
92 54 89 
67 90 76 
61 78 95 
78 95 61 
75 63 96 
60 93 81 
79 88 66 
100 53 83 
82 57 96 
79 63 92 
100 70 65 
100 70 65 
72 76 85 
78 81 74 
98 55 83 
47 93 98 
84 64 86 
77 96 62 
84 66 84 
61 93 81 
97 69 69 
66 96 73 
59 99 78 
85 99 53 
96 68 71 
81 68 85 
86 88 61 
49 92 97 
87 73 74 
86 57 93 
59 80 97 
71 84 79 
76 83 75 
68 93 74 
81 78 75 
81 78 75 
75 81 78 
80 90 65 
81 89 65 
100 80 57 
90 66 79 
71 92 72 
84 86 65 
75 69 91 
87 52 99 
87 99 52 
80 67 88 
87 81 67 
84 84 67 
80 87 68 
99 79 59 
73 96 67 
93 53 92 
72 81 82 
58 89 90 
74 81 80 
61 97 79 
76 81 78 
56 98 84 
48 96 96 
58 80 100 
81 94 62 
52 93 94 
90 73 73 
97 46 98 
94 49 97 
70 78 88 
70 80 86 
84 96 58 
70 82 84 
99 44 99 
71 81 84 
73 78 85 
63 88 86 
58 89 91 
75 82 79 
81 80 75 
62 98 78 
97 61 80 
76 81 79 
99 84 56 
99 84 56 
48 97 96 
90 98 52 
52 95 93 
85 61 92 
71 98 69 
95 65 78 
75 67 96 
100 61 78 
58 95 86 
64 81 93 
95 67 76 
75 100 64 
64 88 86 
100 56 84 
51 98 92 
81 61 97 
100 73 66 
100 67 72 
56 98 86 
87 97 56 
92 60 87 
96 81 62 
100 93 49 
76 97 66 
96 53 92 
78 89 71 
91 86 62 
96 47 100 
86 70 82 
59 98 83 
95 97 50 
84 73 81 
67 94 78 
79 67 93 
63 78 99 
98 52 92 
75 92 72 
71 71 98 
84 98 59 
63 90 87 
95 79 66 
99 93 51 
89 55 98 
80 79 80 
99 52 92 
52 94 97 
81 97 63 
85 67 88 
97 80 64 
76 98 67 
93 54 96 
54 95 94 
99 83 60 
71 97 73 
90 98 55 
64 89 88 
83 81 76 
94 68 79 
100 96 49 
67 91 83 
85 68 88 
70 99 73 
99 73 70 
71 90 80 
91 76 74 
84 99 60 
81 95 66 
85 83 73 
83 73 85 
87 65 90 
95 88 60 
84 78 79 
97 56 91 
56 91 97 
88 58 98 
59 99 86 
72 90 80 
99 85 60 
59 93 92 
100 56 89 
84 84 74 
93 67 83 
68 94 81 
91 67 85 
73 95 75 
53 99 94 
76 68 100 
86 95 63 
83 70 90 
54 97 95 
89 84 70 
59 98 88 
77 90 76 
100 84 61 
88 66 90 
88 96 61 
94 61 90 
99 53 95 
96 98 53 
75 93 76 
93 88 64 
80 74 90 
74 82 88 
49 100 100 
83 74 87 
85 62 99 
82 68 95 
82 77 85 
67 93 85 
81 95 69 
79 72 94 
98 100 51 
84 71 90 
89 81 75 
68 96 82 
88 77 80 
86 62 99 
90 96 61 
77 86 82 
91 61 95 
94 57 97 
85 99 63 
81 83 81 
70 82 94 
72 95 79 
94 72 80 
93 72 81 
76 76 94 
89 94 64 
81 99 67 
92 73 81 
97 66 84 
98 67 82 
89 81 76 
89 90 68 
98 98 54 
89 69 89 
100 55 95 
94 74 79 
99 82 67 
98 83 67 
95 56 99 
94 60 95 
69 80 99 
66 87 95 
89 61 99 
82 90 75 
79 90 78 
86 75 86 
86 95 67 
82 69 97 
77 82 88 
69 84 95 
89 91 68 
96 63 90 
88 90 70 
92 77 79 
93 96 61 
87 80 81 
86 79 83 
86 69 94 
94 70 85 
94 84 71 
95 81 73 
64 96 90 
92 94 64 
73 93 83 
72 87 90 
56 97 99 
98 85 67 
91 61 99 
89 86 74 
76 100 74 
99 71 80 
96 93 62 
82 88 79 
99 74 77 
78 86 85 
81 82 86 
84 80 85 
87 100 64 
96 71 83 
96 73 81 
99 85 67 
75 84 91 
92 67 92 
89 79 82 
98 72 81 
83 85 82 
98 59 96 
90 91 70 
91 89 71 
76 95 80 
69 100 83 
92 84 75 
81 91 79 
96 95 62 
62 96 95 
85 70 97 
63 97 93 
94 69 89 
83 96 73 
84 94 74 
89 88 75 
86 76 90 
98 69 86 
99 84 70 
93 92 68 
100 80 73 
89 83 80 
78 100 75 
99 73 81 
81 84 87 
71 85 97 
83 84 85 
70 93 90 
70 93 90 
76 79 98 
95 78 80 
97 68 89 
69 98 87 
99 71 84 
99 84 71 
90 83 80 
59 97 100 
87 82 84 
74 93 87 
89 98 68 
92 76 86 
93 79 82 
93 82 79 
86 91 77 
90 86 78 
85 82 87 
71 97 87 
72 98 85 
75 98 82 
82 76 97 
61 98 98 
74 86 95 
78 80 97 
100 94 63 
88 90 77 
97 63 97 
69 95 92 
77 100 79 
79 100 77 
82 75 99 
82 99 75 
82 75 99 
97 78 81 
82 79 95 
97 92 68 
89 89 78 
90 97 70 
81 89 86 
76 88 93 
68 93 97 
69 98 91 
98 69 91 
100 70 88 
81 94 82 
78 91 88 
72 99 87 
79 79 100 
78 81 99 
89 74 95 
74 94 90 
95 95 69 
84 82 92 
84 91 83 
96 66 98 
100 77 82 
77 88 94 
94 78 87 
73 100 87 
84 86 89 
89 98 73 
67 99 95 
78 83 99 
99 78 83 
99 79 82 
96 75 89 
76 96 88 
86 97 77 
94 90 76 
97 69 95 
91 77 92 
86 94 80 
98 92 71 
92 86 82 
81 89 90 
91 72 98 
93 95 73 
96 76 89 
78 91 92 
93 88 80 
80 91 90 
91 86 84 
95 73 94 
100 77 85 
88 76 98 
78 97 87 
69 97 97 
97 95 71 
72 91 100 
87 100 76 
96 68 100 
100 79 84 
92 89 82 
73 100 91 
95 73 96 
98 77 89 
82 100 82 
94 92 78 
90 81 93 
84 92 88 
100 87 78 
99 98 69 
88 79 98 
94 78 93 
82 95 88 
95 82 88 
77 96 93 
81 85 100 
82 98 86 
94 73 100 
90 91 85 
87 92 87 
93 76 98 
92 98 77 
70 100 98 
97 100 71 
81 96 90 
90 93 84 
89 90 88 
71 100 98 
84 99 85 
84 85 99 
89 82 97 
99 72 98 
82 94 92 
96 84 88 
91 92 85 
92 87 89 
89 88 91 
76 98 95 
100 84 85 
98 82 89 
98 86 85 
97 84 88 
83 92 94 
89 95 85 
94 97 79 
92 80 98 
92 95 83 
92 94 84 
94 90 86 
90 89 91 
100 77 94 
78 97 96 
81 96 94 
85 88 98 
83 96 92 
93 88 90 
92 91 88 
100 85 87 
93 82 97 
83 97 92 
100 94 79 
80 95 98 
97 85 91 
90 99 85 
96 90 88 
83 98 94 
95 86 94 
97 90 88 
89 96 90 
91 92 92 
100 84 92 
95 98 83 
86 100 90 
92 95 89 
98 79 100 
88 89 100 
99 89 89 
96 99 83 
96 89 93 
93 89 97 
83 98 99 
95 100 85 
84 100 97 
99 98 84 
95 94 92 
92 92 98 
93 90 100 
89 96 98 
87 99 100 
97 96 93 
94 97 96 
98 96 94 
100 99 91 
93 98 100 
99 96 97 
100 99 94 
98 100 96 
