1 13 1 Area: 54
3 4 21 Area: 318
4 34 1 Area: 348
30 8 1 Area: 556
3 71 1 Area: 574
13 4 14 Area: 580
2 2 72 Area: 584
58 2 3 Area: 592
31 6 3 Area: 594
31 6 3 Area: 594
14 14 4 Area: 616
10 8 13 Area: 628
2 5 46 Area: 664
3 4 50 Area: 724
3 50 4 Area: 724
1 27 12 Area: 726
8 9 18 Area: 756
29 4 8 Area: 760
25 11 3 Area: 766
17 8 11 Area: 822
36 3 8 Area: 840
85 1 4 Area: 858
23 9 7 Area: 862
4 13 23 Area: 886
9 8 22 Area: 892
12 10 15 Area: 900
3 35 10 Area: 970
14 8 17 Area: 972
2 10 40 Area: 1000
71 6 1 Area: 1006
19 9 12 Area: 1014
46 8 3 Area: 1060
26 13 5 Area: 1066
4 51 6 Area: 1068
47 2 9 Area: 1070
30 2 15 Area: 1080
50 10 1 Area: 1120
16 26 4 Area: 1168
64 6 3 Area: 1188
7 6 44 Area: 1228
9 49 3 Area: 1230
24 24 1 Area: 1248
11 2 47 Area: 1266
26 21 2 Area: 1280
28 6 14 Area: 1288
11 1 53 Area: 1294
19 27 3 Area: 1302
66 1 9 Area: 1338
3 27 20 Area: 1362
15 20 12 Area: 1440
2 8 71 Area: 1452
64 7 4 Area: 1464
4 21 26 Area: 1468
35 5 14 Area: 1470
65 3 8 Area: 1478
29 2 22 Area: 1480
22 22 6 Area: 1496
7 2 82 Area: 1504
11 24 14 Area: 1508
22 18 9 Area: 1512
6 47 9 Area: 1518
5 31 17 Area: 1534
3 25 25 Area: 1550
11 32 10 Area: 1564
6 17 30 Area: 1584
1 37 20 Area: 1594
11 18 21 Area: 1614
21 21 9 Area: 1638
34 2 21 Area: 1648
8 4 66 Area: 1648
36 17 4 Area: 1648
45 5 12 Area: 1650
25 33 0 Area: 1650
25 31 1 Area: 1662
16 48 1 Area: 1664
53 10 5 Area: 1690
84 9 1 Area: 1698
6 31 18 Area: 1704
2 24 31 Area: 1708
7 59 7 Area: 1750
9 24 20 Area: 1752
16 38 5 Area: 1756
25 33 1 Area: 1766
10 2 72 Area: 1768
7 2 97 Area: 1774
36 15 7 Area: 1794
34 19 5 Area: 1822
25 23 7 Area: 1822
7 19 30 Area: 1826
2 8 90 Area: 1832
4 55 12 Area: 1856
14 10 33 Area: 1864
8 4 75 Area: 1864
1 38 23 Area: 1870
5 52 12 Area: 1888
20 8 28 Area: 1888
30 11 15 Area: 1890
12 43 8 Area: 1912
7 95 3 Area: 1942
36 6 18 Area: 1944
6 22 30 Area: 1944
38 24 1 Area: 1948
6 8 67 Area: 1972
13 45 7 Area: 1982
28 20 9 Area: 1984
11 15 32 Area: 1994
14 11 34 Area: 2008
24 42 0 Area: 2016
32 5 23 Area: 2022
4 39 20 Area: 2032
8 60 8 Area: 2048
3 11 72 Area: 2082
2 10 86 Area: 2104
59 12 5 Area: 2126
2 10 87 Area: 2128
15 14 30 Area: 2160
29 6 26 Area: 2168
1 12 83 Area: 2182
15 45 7 Area: 2190
13 2 72 Area: 2212
16 49 5 Area: 2218
16 65 1 Area: 2242
5 45 18 Area: 2250
9 11 52 Area: 2278
9 24 28 Area: 2280
21 15 23 Area: 2286
12 42 12 Area: 2304
35 23 6 Area: 2306
11 4 74 Area: 2308
8 39 18 Area: 2316
11 29 21 Area: 2318
75 3 12 Area: 2322
27 17 16 Area: 2326
28 28 7 Area: 2352
10 3 89 Area: 2374
29 8 26 Area: 2388
17 31 14 Area: 2398
4 15 60 Area: 2400
16 16 30 Area: 2432
22 39 6 Area: 2448
14 43 11 Area: 2458
6 7 92 Area: 2476
4 29 34 Area: 2476
16 1 72 Area: 2480
25 27 11 Area: 2494
17 36 12 Area: 2496
57 18 3 Area: 2502
2 14 77 Area: 2520
68 15 3 Area: 2538
9 6 81 Area: 2538
12 89 2 Area: 2540
2 56 20 Area: 2544
18 16 29 Area: 2548
38 32 1 Area: 2572
6 7 96 Area: 2580
6 10 77 Area: 2584
83 10 5 Area: 2590
5 14 65 Area: 2610
6 69 12 Area: 2628
14 47 11 Area: 2658
16 31 18 Area: 2684
17 34 15 Area: 2686
2 13 88 Area: 2692
9 42 19 Area: 2694
7 57 15 Area: 2718
6 9 87 Area: 2718
38 14 16 Area: 2728
28 2 44 Area: 2752
2 61 20 Area: 2764
10 96 4 Area: 2768
20 12 36 Area: 2784
25 21 19 Area: 2798
20 20 25 Area: 2800
53 16 8 Area: 2800
48 17 9 Area: 2802
11 53 13 Area: 2830
1 16 83 Area: 2854
8 36 26 Area: 2864
18 43 11 Area: 2890
77 13 5 Area: 2902
18 15 36 Area: 2916
17 6 59 Area: 2918
75 17 2 Area: 2918
17 81 1 Area: 2950
50 1 28 Area: 2956
1 19 73 Area: 2958
1 61 23 Area: 2974
33 1 43 Area: 2990
81 3 15 Area: 3006
2 70 19 Area: 3016
14 76 5 Area: 3028
14 8 64 Area: 3040
8 22 45 Area: 3052
7 81 11 Area: 3070
3 47 28 Area: 3082
8 25 41 Area: 3106
2 18 76 Area: 3112
1 64 23 Area: 3118
54 3 25 Area: 3174
7 32 35 Area: 3178
48 18 11 Area: 3180
18 70 4 Area: 3224
10 29 34 Area: 3232
42 30 5 Area: 3240
3 38 37 Area: 3262
57 10 16 Area: 3284
99 7 9 Area: 3294
4 12 100 Area: 3296
13 15 52 Area: 3302
19 53 9 Area: 3310
27 22 22 Area: 3344
14 19 43 Area: 3370
30 6 42 Area: 3384
16 49 14 Area: 3388
94 1 17 Area: 3418
42 5 32 Area: 3428
80 19 2 Area: 3436
24 32 17 Area: 3440
16 29 28 Area: 3448
17 89 2 Area: 3450
31 46 4 Area: 3468
82 11 9 Area: 3478
82 1 20 Area: 3484
22 31 20 Area: 3484
6 60 21 Area: 3492
15 89 4 Area: 3502
16 2 96 Area: 3520
44 20 14 Area: 3552
8 63 18 Area: 3564
63 8 18 Area: 3564
14 7 81 Area: 3598
14 7 81 Area: 3598
19 19 38 Area: 3610
18 12 53 Area: 3612
50 9 23 Area: 3614
34 19 22 Area: 3624
11 32 34 Area: 3628
62 7 20 Area: 3628
2 81 20 Area: 3644
38 11 29 Area: 3678
87 10 10 Area: 3680
16 26 34 Area: 3688
82 20 2 Area: 3688
58 4 26 Area: 3688
14 20 46 Area: 3688
30 13 34 Area: 3704
8 52 24 Area: 3712
14 94 5 Area: 3712
22 1 80 Area: 3724
36 16 25 Area: 3752
49 16 17 Area: 3778
17 61 11 Area: 3790
1 37 49 Area: 3798
5 32 47 Area: 3798
12 24 45 Area: 3816
54 13 18 Area: 3816
13 52 19 Area: 3822
61 27 3 Area: 3822
65 28 1 Area: 3826
26 25 25 Area: 3850
3 41 41 Area: 3854
24 52 9 Area: 3864
71 22 4 Area: 3868
39 15 25 Area: 3870
68 12 14 Area: 3872
4 24 66 Area: 3888
23 76 2 Area: 3892
12 10 83 Area: 3892
5 29 53 Area: 3894
94 5 15 Area: 3910
42 31 9 Area: 3918
23 30 24 Area: 3924
66 5 23 Area: 3926
99 11 8 Area: 3938
18 27 33 Area: 3942
7 12 100 Area: 3968
44 12 26 Area: 3968
56 24 8 Area: 3968
19 15 50 Area: 3970
5 62 25 Area: 3970
11 62 18 Area: 3992
25 10 50 Area: 4000
7 69 20 Area: 4006
20 69 7 Area: 4006
19 39 22 Area: 4034
23 21 35 Area: 4046
18 58 13 Area: 4064
42 10 31 Area: 4064
58 17 14 Area: 4072
15 14 63 Area: 4074
32 25 22 Area: 4108
43 28 12 Area: 4112
20 43 19 Area: 4114
12 67 16 Area: 4136
47 15 22 Area: 4138
62 6 25 Area: 4144
60 1 33 Area: 4146
29 46 10 Area: 4168
15 27 40 Area: 4170
5 83 19 Area: 4174
36 41 8 Area: 4184
35 48 5 Area: 4190
29 38 15 Area: 4214
21 13 54 Area: 4218
7 23 65 Area: 4222
23 7 65 Area: 4222
14 56 19 Area: 4228
18 35 28 Area: 4228
75 4 23 Area: 4234
3 25 73 Area: 4238
57 4 31 Area: 4238
66 24 6 Area: 4248
58 24 9 Area: 4260
10 14 83 Area: 4264
67 19 10 Area: 4266
84 2 23 Area: 4292
25 41 17 Area: 4294
87 3 21 Area: 4302
45 10 31 Area: 4310
19 17 51 Area: 4318
18 74 9 Area: 4320
65 25 6 Area: 4330
18 30 34 Area: 4344
11 28 48 Area: 4360
9 49 30 Area: 4362
96 18 4 Area: 4368
63 25 7 Area: 4382
13 8 100 Area: 4408
33 33 17 Area: 4422
29 73 1 Area: 4438
73 10 18 Area: 4448
12 70 17 Area: 4468
84 8 17 Area: 4472
34 34 16 Area: 4488
75 21 7 Area: 4494
11 12 92 Area: 4496
26 39 19 Area: 4498
18 48 21 Area: 4500
84 12 13 Area: 4512
2 71 29 Area: 4518
32 29 22 Area: 4540
50 12 27 Area: 4548
86 18 7 Area: 4552
5 25 72 Area: 4570
2 72 29 Area: 4580
4 26 73 Area: 4588
11 48 30 Area: 4596
76 19 9 Area: 4598
5 23 78 Area: 4598
10 46 33 Area: 4616
26 20 39 Area: 4628
54 35 5 Area: 4670
67 24 8 Area: 4672
48 43 3 Area: 4674
38 48 6 Area: 4680
3 47 44 Area: 4682
29 57 8 Area: 4682
6 33 55 Area: 4686
87 4 22 Area: 4700
74 2 29 Area: 4704
34 11 44 Area: 4708
28 15 45 Area: 4710
31 52 9 Area: 4718
17 61 17 Area: 4726
34 46 10 Area: 4728
36 3 58 Area: 4740
70 2 31 Area: 4744
23 15 54 Area: 4794
16 70 15 Area: 4820
16 65 17 Area: 4834
24 4 83 Area: 4840
7 88 19 Area: 4842
63 15 19 Area: 4854
33 39 16 Area: 4878
16 55 22 Area: 4884
16 14 74 Area: 4888
96 12 12 Area: 4896
20 26 42 Area: 4904
35 57 5 Area: 4910
9 18 85 Area: 4914
27 20 41 Area: 4934
38 53 5 Area: 4938
32 60 6 Area: 4944
81 23 6 Area: 4974
8 21 80 Area: 4976
8 36 50 Area: 4976
56 41 2 Area: 4980
27 38 23 Area: 5042
8 64 28 Area: 5056
68 5 30 Area: 5060
46 37 10 Area: 5064
1 61 40 Area: 5082
63 11 25 Area: 5086
54 24 16 Area: 5088
35 2 67 Area: 5098
16 22 58 Area: 5112
27 18 46 Area: 5112
5 50 42 Area: 5120
25 55 15 Area: 5150
83 21 8 Area: 5150
30 64 7 Area: 5156
34 11 49 Area: 5158
27 42 21 Area: 5166
100 21 4 Area: 5168
3 56 41 Area: 5174
66 32 5 Area: 5204
6 60 34 Area: 5208
39 16 36 Area: 5208
31 45 16 Area: 5222
66 3 35 Area: 5226
5 24 86 Area: 5228
39 55 5 Area: 5230
59 8 32 Area: 5232
72 28 6 Area: 5232
34 1 74 Area: 5248
24 76 8 Area: 5248
6 68 30 Area: 5256
54 40 5 Area: 5260
39 25 26 Area: 5278
25 8 74 Area: 5284
88 13 15 Area: 5318
48 20 25 Area: 5320
20 82 10 Area: 5320
6 48 44 Area: 5328
52 17 26 Area: 5356
57 12 29 Area: 5370
53 29 14 Area: 5370
94 9 18 Area: 5400
74 27 7 Area: 5410
83 12 18 Area: 5412
28 69 8 Area: 5416
19 45 29 Area: 5422
87 10 19 Area: 5426
25 63 13 Area: 5438
4 72 32 Area: 5440
43 32 18 Area: 5452
34 47 14 Area: 5464
36 29 26 Area: 5468
78 6 27 Area: 5472
41 34 18 Area: 5488
47 27 20 Area: 5498
39 9 50 Area: 5502
35 4 67 Area: 5506
13 73 21 Area: 5510
29 71 7 Area: 5518
38 40 16 Area: 5536
92 15 13 Area: 5542
11 58 31 Area: 5554
28 15 55 Area: 5570
45 38 13 Area: 5578
10 53 36 Area: 5596
13 56 30 Area: 5596
99 27 1 Area: 5598
27 1 99 Area: 5598
52 1 52 Area: 5616
40 65 2 Area: 5620
33 6 67 Area: 5622
39 4 62 Area: 5644
45 56 3 Area: 5646
20 55 23 Area: 5650
9 42 48 Area: 5652
51 13 34 Area: 5678
37 15 44 Area: 5686
65 39 3 Area: 5694
24 25 46 Area: 5708
37 51 11 Area: 5710
17 50 30 Area: 5720
48 15 34 Area: 5724
86 28 4 Area: 5728
24 4 99 Area: 5736
28 57 15 Area: 5742
86 21 10 Area: 5752
41 12 45 Area: 5754
51 15 32 Area: 5754
37 4 67 Area: 5790
45 37 15 Area: 5790
51 57 0 Area: 5814
22 10 84 Area: 5816
15 13 97 Area: 5822
14 60 28 Area: 5824
31 26 37 Area: 5830
27 62 14 Area: 5840
1 36 78 Area: 5844
55 9 38 Area: 5854
55 9 38 Area: 5854
84 20 12 Area: 5856
32 4 78 Area: 5872
31 40 24 Area: 5888
44 39 15 Area: 5922
63 39 5 Area: 5934
51 45 7 Area: 5934
21 10 89 Area: 5938
35 15 49 Area: 5950
37 42 18 Area: 5952
29 20 49 Area: 5962
23 42 31 Area: 5962
24 16 65 Area: 5968
34 81 2 Area: 5968
35 43 19 Area: 5974
40 62 5 Area: 5980
96 25 5 Area: 6010
3 42 64 Area: 6012
19 72 18 Area: 6012
86 15 17 Area: 6014
88 8 24 Area: 6016
16 22 70 Area: 6024
45 45 11 Area: 6030
37 20 40 Area: 6040
10 30 68 Area: 6040
88 4 29 Area: 6040
28 40 28 Area: 6048
6 53 46 Area: 6064
32 17 51 Area: 6086
3 31 87 Area: 6102
29 97 2 Area: 6130
36 38 23 Area: 6140
87 29 5 Area: 6206
7 32 74 Area: 6220
61 41 6 Area: 6226
13 54 36 Area: 6228
35 71 6 Area: 6242
46 51 8 Area: 6244
25 31 42 Area: 6254
6 78 32 Area: 6312
12 54 38 Area: 6312
8 26 87 Area: 6332
15 27 66 Area: 6354
33 15 56 Area: 6366
46 60 4 Area: 6368
13 30 65 Area: 6370
7 59 42 Area: 6370
19 20 72 Area: 6376
26 23 53 Area: 6390
33 86 3 Area: 6390
3 70 41 Area: 6406
12 42 50 Area: 6408
19 64 24 Area: 6416
2 49 61 Area: 6418
79 26 11 Area: 6418
13 96 18 Area: 6420
81 23 13 Area: 6430
23 8 98 Area: 6444
19 13 93 Area: 6446
3 95 30 Area: 6450
35 20 46 Area: 6460
75 28 11 Area: 6466
27 5 97 Area: 6478
54 38 13 Area: 6496
68 14 28 Area: 6496
82 4 34 Area: 6504
87 27 8 Area: 6522
54 49 6 Area: 6528
32 78 7 Area: 6532
99 9 22 Area: 6534
3 33 88 Area: 6534
88 15 19 Area: 6554
99 21 10 Area: 6558
72 20 20 Area: 6560
38 25 37 Area: 6562
46 62 4 Area: 6568
33 21 48 Area: 6570
55 26 23 Area: 6586
13 61 34 Area: 6618
3 80 37 Area: 6622
24 57 24 Area: 6624
47 10 50 Area: 6640
28 83 9 Area: 6646
47 66 2 Area: 6656
40 13 53 Area: 6658
45 58 7 Area: 6662
12 45 49 Area: 6666
12 82 25 Area: 6668
87 29 7 Area: 6670
27 100 5 Area: 6670
13 35 60 Area: 6670
60 42 8 Area: 6672
7 43 61 Area: 6702
98 22 10 Area: 6712
63 3 48 Area: 6714
15 67 29 Area: 6766
42 10 57 Area: 6768
24 20 66 Area: 6768
16 36 54 Area: 6768
30 83 8 Area: 6788
54 5 53 Area: 6794
9 85 28 Area: 6794
36 51 18 Area: 6804
44 45 16 Area: 6808
81 24 14 Area: 6828
24 33 46 Area: 6828
50 18 37 Area: 6832
46 65 4 Area: 6868
30 40 32 Area: 6880
33 9 75 Area: 6894
17 84 20 Area: 6896
11 94 23 Area: 6898
45 28 30 Area: 6900
54 2 60 Area: 6936
66 25 20 Area: 6940
42 35 26 Area: 6944
42 80 1 Area: 6964
2 63 52 Area: 7012
3 37 85 Area: 7022
24 100 9 Area: 7032
76 7 36 Area: 7040
18 56 34 Area: 7048
22 37 46 Area: 7056
21 54 32 Area: 7068
45 38 22 Area: 7072
42 60 10 Area: 7080
66 1 52 Area: 7100
52 54 7 Area: 7100
82 31 9 Area: 7118
6 39 74 Area: 7128
63 11 39 Area: 7158
28 19 65 Area: 7174
31 39 34 Area: 7178
31 10 80 Area: 7180
3 97 33 Area: 7182
38 35 31 Area: 7186
65 20 27 Area: 7190
25 41 39 Area: 7198
92 12 24 Area: 7200
42 17 49 Area: 7210
46 23 37 Area: 7222
54 17 38 Area: 7232
34 53 21 Area: 7258
30 73 14 Area: 7264
55 64 1 Area: 7278
3 86 38 Area: 7280
15 87 23 Area: 7302
40 61 12 Area: 7304
54 8 52 Area: 7312
53 8 53 Area: 7314
11 49 52 Area: 7318
25 38 43 Area: 7318
64 6 47 Area: 7348
78 44 2 Area: 7352
4 89 36 Area: 7408
6 37 81 Area: 7410
14 47 50 Area: 7416
51 3 66 Area: 7434
86 21 18 Area: 7464
15 25 84 Area: 7470
69 31 16 Area: 7478
34 17 62 Area: 7480
24 24 66 Area: 7488
62 42 11 Area: 7496
3 50 68 Area: 7508
12 63 40 Area: 7512
12 35 71 Area: 7514
55 4 60 Area: 7520
1 44 83 Area: 7558
46 42 21 Area: 7560
95 27 10 Area: 7570
26 60 26 Area: 7592
68 8 43 Area: 7624
52 71 1 Area: 7630
22 18 86 Area: 7672
24 22 72 Area: 7680
31 42 35 Area: 7714
5 45 73 Area: 7750
74 39 9 Area: 7806
84 13 29 Area: 7810
14 24 94 Area: 7816
51 11 54 Area: 7818
4 37 92 Area: 7840
23 63 29 Area: 7886
4 41 84 Area: 7888
15 87 26 Area: 7914
8 98 30 Area: 7928
9 62 48 Area: 7932
22 84 20 Area: 7936
38 25 48 Area: 7948
73 26 21 Area: 7954
44 72 7 Area: 7960
92 30 10 Area: 7960
82 19 24 Area: 7964
50 44 19 Area: 7972
7 36 87 Area: 7986
61 32 22 Area: 7996
80 21 23 Area: 8006
23 80 21 Area: 8006
88 37 6 Area: 8012
37 47 27 Area: 8014
83 26 17 Area: 8022
31 63 22 Area: 8042
3 39 93 Area: 8046
75 52 1 Area: 8054
8 85 36 Area: 8056
45 56 15 Area: 8070
17 20 100 Area: 8080
80 10 36 Area: 8080
78 47 3 Area: 8082
30 85 13 Area: 8090
4 65 55 Area: 8110
48 22 43 Area: 8132
67 2 57 Area: 8134
27 73 21 Area: 8142
29 62 25 Area: 8146
26 12 99 Area: 8148
34 20 63 Area: 8164
98 35 5 Area: 8190
9 80 38 Area: 8204
24 48 41 Area: 8208
56 59 7 Area: 8218
23 20 85 Area: 8230
7 100 32 Area: 8248
22 38 55 Area: 8272
63 4 58 Area: 8276
16 82 29 Area: 8308
33 13 81 Area: 8310
76 53 1 Area: 8314
43 35 34 Area: 8314
98 26 13 Area: 8320
86 41 5 Area: 8322
48 68 8 Area: 8384
20 35 64 Area: 8440
52 18 47 Area: 8452
20 93 21 Area: 8466
56 56 10 Area: 8512
25 19 86 Area: 8518
14 83 32 Area: 8532
10 32 94 Area: 8536
69 17 36 Area: 8538
40 2 100 Area: 8560
20 84 25 Area: 8560
31 20 72 Area: 8584
41 51 24 Area: 8598
17 37 68 Area: 8602
37 26 53 Area: 8602
77 42 9 Area: 8610
14 71 39 Area: 8618
4 57 67 Area: 8630
96 38 5 Area: 8636
47 4 81 Area: 8638
39 37 38 Area: 8662
33 48 34 Area: 8676
19 75 31 Area: 8678
42 100 1 Area: 8684
16 43 62 Area: 8692
18 55 46 Area: 8696
81 43 7 Area: 8702
33 35 47 Area: 8702
10 35 89 Area: 8710
37 54 26 Area: 8728
11 33 91 Area: 8734
90 30 14 Area: 8760
11 36 85 Area: 8782
100 18 22 Area: 8792
25 56 37 Area: 8794
44 28 44 Area: 8800
65 2 64 Area: 8836
49 13 61 Area: 8838
23 52 43 Area: 8842
40 97 4 Area: 8856
47 36 33 Area: 8862
11 69 46 Area: 8878
24 42 52 Area: 8880
21 81 27 Area: 8910
74 18 34 Area: 8920
96 18 24 Area: 8928
26 91 18 Area: 8944
56 6 67 Area: 8980
35 30 53 Area: 8990
46 59 17 Area: 8998
23 47 49 Area: 9022
18 41 64 Area: 9028
33 26 62 Area: 9032
29 85 18 Area: 9034
41 59 21 Area: 9038
33 52 33 Area: 9042
15 67 43 Area: 9062
4 89 45 Area: 9082
17 98 25 Area: 9082
9 52 67 Area: 9110
62 13 50 Area: 9112
15 99 27 Area: 9126
14 54 56 Area: 9128
9 74 47 Area: 9134
50 26 43 Area: 9136
43 76 11 Area: 9154
82 7 45 Area: 9158
3 82 51 Area: 9162
16 94 28 Area: 9168
16 28 94 Area: 9168
2 100 43 Area: 9172
5 52 76 Area: 9184
86 23 24 Area: 9188
70 31 24 Area: 9188
68 7 55 Area: 9202
34 46 38 Area: 9208
25 57 39 Area: 9246
73 6 53 Area: 9250
42 37 39 Area: 9270
36 70 20 Area: 9280
13 60 53 Area: 9298
31 15 91 Area: 9302
3 56 76 Area: 9304
56 39 26 Area: 9308
55 6 71 Area: 9322
37 62 24 Area: 9340
44 13 72 Area: 9352
52 17 55 Area: 9358
96 27 17 Area: 9366
45 28 47 Area: 9382
8 74 50 Area: 9384
31 70 25 Area: 9390
97 28 16 Area: 9432
44 20 60 Area: 9440
13 55 59 Area: 9454
31 41 48 Area: 9454
24 66 35 Area: 9468
39 53 29 Area: 9470
78 4 54 Area: 9480
22 61 41 Area: 9490
21 36 70 Area: 9492
91 10 38 Area: 9496
45 61 19 Area: 9518
45 42 33 Area: 9522
59 68 6 Area: 9548
25 26 81 Area: 9562
54 16 56 Area: 9568
41 25 57 Area: 9574
29 99 15 Area: 9582
96 47 2 Area: 9596
94 7 41 Area: 9598
4 62 69 Area: 9604
37 34 50 Area: 9616
81 44 10 Area: 9628
49 33 39 Area: 9630
35 86 15 Area: 9650
75 10 48 Area: 9660
37 29 57 Area: 9670
54 87 1 Area: 9678
18 67 43 Area: 9722
13 50 67 Area: 9742
63 73 2 Area: 9742
34 74 22 Area: 9784
30 99 15 Area: 9810
14 44 74 Area: 9816
23 62 41 Area: 9822
12 52 67 Area: 9824
25 63 38 Area: 9838
38 32 53 Area: 9852
58 47 21 Area: 9862
76 58 4 Area: 9888
35 86 16 Area: 9892
71 66 2 Area: 9920
59 75 4 Area: 9922
84 35 17 Area: 9926
24 64 39 Area: 9936
20 41 68 Area: 9936
92 9 41 Area: 9938
7 46 88 Area: 9972
97 3 47 Area: 9982
16 89 34 Area: 9988
30 58 37 Area: 9992
51 25 49 Area: 9998
21 78 34 Area: 10008
37 19 77 Area: 10030
74 51 10 Area: 10048
18 87 33 Area: 10062
5 74 59 Area: 10062
29 60 37 Area: 10066
12 73 49 Area: 10082
9 38 100 Area: 10084
22 57 48 Area: 10092
81 54 5 Area: 10098
58 80 3 Area: 10108
42 13 82 Area: 10112
84 41 13 Area: 10138
64 67 6 Area: 10148
97 45 5 Area: 10150
29 49 47 Area: 10174
19 28 97 Area: 10182
74 35 23 Area: 10194
1 84 59 Area: 10198
28 26 81 Area: 10204
24 23 97 Area: 10222
11 43 86 Area: 10234
60 38 29 Area: 10244
6 52 83 Area: 10252
6 76 57 Area: 10260
87 40 13 Area: 10262
89 10 43 Area: 10294
19 76 39 Area: 10298
41 26 61 Area: 10306
16 79 41 Area: 10318
28 96 20 Area: 10336
56 61 15 Area: 10342
43 35 47 Area: 10342
6 56 78 Area: 10344
54 3 88 Area: 10356
41 47 37 Area: 10366
22 87 30 Area: 10368
32 90 19 Area: 10396
38 66 26 Area: 10424
72 65 4 Area: 10456
12 59 64 Area: 10504
10 49 81 Area: 10538
84 53 6 Area: 10548
60 65 11 Area: 10550
20 46 66 Area: 10552
93 41 11 Area: 10574
90 18 34 Area: 10584
75 9 55 Area: 10590
94 42 10 Area: 10616
56 76 8 Area: 10624
63 45 23 Area: 10638
62 15 57 Area: 10638
79 51 10 Area: 10658
22 30 90 Area: 10680
4 63 76 Area: 10688
48 54 27 Area: 10692
11 66 60 Area: 10692
47 79 13 Area: 10702
84 28 27 Area: 10752
39 64 28 Area: 10760
68 73 3 Area: 10774
43 51 34 Area: 10778
29 64 38 Area: 10780
13 40 92 Area: 10792
59 89 1 Area: 10798
56 5 84 Area: 10808
40 63 28 Area: 10808
92 54 3 Area: 10812
9 52 81 Area: 10818
72 9 59 Area: 10854
64 11 63 Area: 10858
69 10 60 Area: 10860
7 86 52 Area: 10876
3 55 91 Area: 10886
39 13 95 Area: 10894
31 41 58 Area: 10894
22 34 84 Area: 10904
75 19 43 Area: 10934
37 16 92 Area: 10936
33 50 46 Area: 10936
49 33 47 Area: 10942
48 6 96 Area: 10944
74 1 72 Area: 10948
50 64 20 Area: 10960
92 36 17 Area: 10976
12 53 75 Area: 11022
46 7 98 Area: 11032
12 47 84 Area: 11040
81 49 12 Area: 11058
5 77 63 Area: 11102
94 23 29 Area: 11110
61 58 17 Area: 11122
28 64 41 Area: 11128
34 23 84 Area: 11140
33 18 98 Area: 11184
38 90 17 Area: 11192
13 49 80 Area: 11194
98 20 31 Area: 11236
15 36 100 Area: 11280
73 25 39 Area: 11294
90 20 35 Area: 11300
7 55 85 Area: 11310
91 2 59 Area: 11338
91 2 59 Area: 11338
30 94 23 Area: 11344
14 38 99 Area: 11360
58 9 77 Area: 11362
34 26 80 Area: 11368
20 58 58 Area: 11368
29 70 37 Area: 11386
40 93 15 Area: 11430
26 68 42 Area: 11432
22 85 36 Area: 11444
39 93 16 Area: 11478
59 22 55 Area: 11506
43 22 74 Area: 11512
73 77 1 Area: 11542
56 10 79 Area: 11548
50 22 65 Area: 11560
15 43 89 Area: 11614
27 56 52 Area: 11656
79 60 8 Area: 11704
16 47 81 Area: 11710
33 91 23 Area: 11710
27 47 62 Area: 11714
36 17 99 Area: 11718
3 100 54 Area: 11724
44 50 39 Area: 11732
100 23 29 Area: 11734
11 43 100 Area: 11746
18 36 97 Area: 11772
53 97 5 Area: 11782
91 44 14 Area: 11788
58 99 1 Area: 11798
56 75 13 Area: 11806
25 39 77 Area: 11806
11 79 56 Area: 11818
30 94 25 Area: 11840
59 60 20 Area: 11840
40 74 26 Area: 11848
78 11 57 Area: 11862
100 41 13 Area: 11866
97 2 58 Area: 11872
89 13 47 Area: 11902
95 1 61 Area: 11902
79 28 35 Area: 11914
48 54 33 Area: 11916
19 70 52 Area: 11916
40 95 16 Area: 11920
40 16 95 Area: 11920
45 63 29 Area: 11934
54 16 73 Area: 11948
63 30 44 Area: 11964
99 46 10 Area: 12008
66 4 82 Area: 12008
33 58 45 Area: 12018
37 24 84 Area: 12024
59 29 49 Area: 12046
32 75 34 Area: 12076
39 51 45 Area: 12078
34 25 88 Area: 12084
52 56 29 Area: 12088
29 94 27 Area: 12094
80 50 16 Area: 12160
45 21 78 Area: 12186
71 16 57 Area: 12190
57 99 3 Area: 12222
24 48 69 Area: 12240
6 55 95 Area: 12250
64 46 29 Area: 12268
9 75 65 Area: 12270
40 89 20 Area: 12280
22 70 50 Area: 12280
69 25 47 Area: 12286
22 45 77 Area: 12298
66 78 7 Area: 12312
82 30 33 Area: 12312
18 40 94 Area: 12344
71 38 32 Area: 12372
65 24 52 Area: 12376
60 29 50 Area: 12380
14 48 89 Area: 12380
89 58 7 Area: 12382
29 35 81 Area: 12398
60 5 91 Area: 12430
76 49 20 Area: 12448
41 18 93 Area: 12450
64 20 59 Area: 12472
82 27 37 Area: 12494
50 31 58 Area: 12496
10 77 63 Area: 12502
33 69 39 Area: 12510
100 18 38 Area: 12568
37 29 79 Area: 12574
67 16 63 Area: 12602
36 95 22 Area: 12604
30 59 51 Area: 12618
2 75 80 Area: 12620
53 27 61 Area: 12622
58 60 24 Area: 12624
55 9 91 Area: 12638
93 35 24 Area: 12654
89 36 25 Area: 12658
42 66 33 Area: 12672
42 69 31 Area: 12678
31 27 95 Area: 12694
40 66 35 Area: 12700
14 97 45 Area: 12706
12 88 53 Area: 12712
36 96 22 Area: 12720
95 45 15 Area: 12750
98 24 33 Area: 12756
72 58 17 Area: 12772
3 79 75 Area: 12774
15 54 81 Area: 12798
31 66 45 Area: 12822
42 45 52 Area: 12828
81 37 29 Area: 12838
51 97 10 Area: 12854
74 22 50 Area: 12856
58 25 60 Area: 12860
91 44 18 Area: 12868
81 16 53 Area: 12874
56 45 39 Area: 12918
84 40 25 Area: 12920
28 35 87 Area: 12922
16 80 54 Area: 12928
76 60 14 Area: 12928
1 97 65 Area: 12934
98 16 43 Area: 12940
35 46 60 Area: 12940
6 64 87 Area: 12948
12 80 60 Area: 12960
33 40 71 Area: 13006
79 38 30 Area: 13024
48 33 61 Area: 13050
46 83 21 Area: 13054
46 21 83 Area: 13054
19 73 56 Area: 13078
78 64 11 Area: 13108
90 6 63 Area: 13176
15 60 76 Area: 13200
63 80 11 Area: 13226
67 55 24 Area: 13226
48 45 48 Area: 13248
1 84 77 Area: 13258
66 59 22 Area: 13288
82 65 9 Area: 13306
40 30 78 Area: 13320
69 12 72 Area: 13320
72 31 43 Area: 13322
82 42 26 Area: 13336
30 37 83 Area: 13342
55 11 92 Area: 13354
86 16 52 Area: 13360
33 39 75 Area: 13374
49 79 22 Area: 13374
13 88 55 Area: 13398
33 49 62 Area: 13402
64 26 56 Area: 13408
41 34 71 Area: 13438
91 32 31 Area: 13450
100 36 23 Area: 13456
70 32 44 Area: 13456
19 84 50 Area: 13492
41 93 22 Area: 13522
83 47 22 Area: 13522
73 40 34 Area: 13524
54 95 11 Area: 13538
66 40 39 Area: 13548
75 49 25 Area: 13550
76 59 17 Area: 13558
79 45 26 Area: 13558
46 93 18 Area: 13560
73 28 47 Area: 13582
75 26 48 Area: 13596
49 87 19 Area: 13694
32 30 95 Area: 13700
64 25 59 Area: 13702
60 18 74 Area: 13704
73 42 33 Area: 13722
100 36 24 Area: 13728
74 56 21 Area: 13748
52 83 19 Area: 13762
94 44 20 Area: 13792
58 21 72 Area: 13812
56 65 27 Area: 13814
88 49 19 Area: 13830
51 56 38 Area: 13844
21 83 50 Area: 13886
78 3 83 Area: 13914
24 74 53 Area: 13940
54 32 61 Area: 13948
26 62 61 Area: 13960
76 3 86 Area: 14044
52 17 89 Area: 14050
30 92 35 Area: 14060
38 75 37 Area: 14062
30 47 73 Area: 14062
44 92 22 Area: 14080
89 51 18 Area: 14118
40 36 74 Area: 14128
74 91 2 Area: 14128
41 67 40 Area: 14134
35 31 91 Area: 14182
48 26 79 Area: 14188
61 53 34 Area: 14218
42 38 69 Area: 14232
66 16 74 Area: 14248
90 51 18 Area: 14256
47 17 99 Area: 14270
72 40 38 Area: 14272
53 54 40 Area: 14284
45 37 67 Area: 14318
98 29 34 Area: 14320
82 18 57 Area: 14352
72 67 17 Area: 14374
50 67 33 Area: 14422
64 23 66 Area: 14428
16 49 99 Area: 14438
43 36 72 Area: 14472
96 40 25 Area: 14480
70 62 22 Area: 14488
65 86 11 Area: 14502
98 26 38 Area: 14520
55 49 44 Area: 14542
50 45 53 Area: 14570
37 80 37 Area: 14578
56 34 60 Area: 14608
53 57 39 Area: 14622
17 59 83 Area: 14622
40 84 32 Area: 14656
24 80 52 Area: 14656
44 38 69 Area: 14660
95 35 31 Area: 14710
78 90 2 Area: 14712
61 71 23 Area: 14734
74 14 72 Area: 14744
62 70 23 Area: 14752
70 13 78 Area: 14768
96 51 17 Area: 14790
12 99 56 Area: 14808
77 15 68 Area: 14822
60 20 78 Area: 14880
16 91 56 Area: 14896
89 33 37 Area: 14902
50 43 57 Area: 14902
37 68 47 Area: 14902
63 78 18 Area: 14904
30 64 59 Area: 14932
57 37 57 Area: 14934
30 95 37 Area: 14950
29 41 90 Area: 14978
18 68 73 Area: 15004
44 89 27 Area: 15014
16 58 89 Area: 15028
93 5 72 Area: 15042
55 82 22 Area: 15048
6 79 83 Area: 15058
28 80 49 Area: 15064
60 25 71 Area: 15070
100 50 17 Area: 15100
15 80 67 Area: 15130
78 52 27 Area: 15132
84 11 70 Area: 15148
52 31 72 Area: 15176
21 99 46 Area: 15198
78 83 7 Area: 15202
63 18 80 Area: 15228
74 39 42 Area: 15264
52 84 24 Area: 15264
63 23 72 Area: 15282
27 66 63 Area: 15282
17 81 64 Area: 15298
42 65 46 Area: 15304
65 46 42 Area: 15304
54 17 95 Area: 15326
37 32 94 Area: 15340
43 64 46 Area: 15348
49 35 71 Area: 15358
65 63 28 Area: 15358
65 58 32 Area: 15412
62 47 44 Area: 15420
95 30 39 Area: 15450
56 27 75 Area: 15474
74 39 43 Area: 15490
70 58 29 Area: 15544
45 97 24 Area: 15546
54 45 54 Area: 15552
14 70 81 Area: 15568
54 31 72 Area: 15588
80 62 20 Area: 15600
62 32 62 Area: 15624
85 86 3 Area: 15646
82 68 15 Area: 15652
30 67 60 Area: 15660
54 58 42 Area: 15672
82 48 30 Area: 15672
54 30 74 Area: 15672
78 39 41 Area: 15678
59 50 45 Area: 15710
16 62 88 Area: 15712
59 31 67 Area: 15718
79 89 5 Area: 15742
40 69 47 Area: 15766
11 77 80 Area: 15774
86 67 14 Area: 15808
39 92 33 Area: 15822
17 55 97 Area: 15838
95 62 13 Area: 15862
41 48 67 Area: 15862
78 6 89 Area: 15888
71 46 40 Area: 15892
36 81 43 Area: 15894
58 18 91 Area: 15920
97 13 61 Area: 15942
71 13 84 Area: 15958
73 25 63 Area: 15998
68 96 9 Area: 16008
80 56 26 Area: 16032
35 39 90 Area: 16050
23 68 71 Area: 16050
57 37 63 Area: 16062
54 80 28 Area: 16144
28 74 59 Area: 16180
91 65 14 Area: 16198
14 69 86 Area: 16208
17 67 83 Area: 16222
60 80 24 Area: 16320
29 62 70 Area: 16336
77 56 29 Area: 16338
65 13 94 Area: 16354
36 56 67 Area: 16360
90 7 78 Area: 16392
92 78 6 Area: 16392
91 66 14 Area: 16408
98 37 34 Area: 16432
67 38 54 Area: 16432
63 28 71 Area: 16450
96 57 18 Area: 16452
68 99 9 Area: 16470
51 90 26 Area: 16512
68 29 65 Area: 16554
25 81 59 Area: 16558
12 74 86 Area: 16568
27 100 44 Area: 16576
19 55 98 Area: 16594
83 72 15 Area: 16602
75 93 8 Area: 16638
11 96 68 Area: 16664
51 23 97 Area: 16702
31 80 53 Area: 16726
65 80 22 Area: 16780
54 33 76 Area: 16788
59 60 41 Area: 16838
29 74 61 Area: 16858
35 49 80 Area: 16870
38 43 84 Area: 16876
66 66 31 Area: 16896
26 99 47 Area: 16898
67 60 35 Area: 16930
72 39 51 Area: 16938
14 71 88 Area: 16948
26 58 83 Area: 16960
25 70 71 Area: 16990
93 42 34 Area: 16992
94 47 29 Area: 17014
47 87 33 Area: 17022
94 10 73 Area: 17064
36 77 51 Area: 17070
31 94 45 Area: 17078
100 27 46 Area: 17084
1 88 95 Area: 17086
94 70 12 Area: 17096
45 52 64 Area: 17096
61 22 87 Area: 17126
84 58 26 Area: 17128
82 28 57 Area: 17132
83 85 9 Area: 17134
29 69 67 Area: 17134
19 76 75 Area: 17138
49 44 69 Area: 17146
81 66 22 Area: 17160
90 7 82 Area: 17168
88 86 6 Area: 17224
53 28 88 Area: 17224
81 17 74 Area: 17258
69 85 18 Area: 17274
82 39 45 Area: 17286
98 19 58 Area: 17296
55 37 72 Area: 17318
74 19 78 Area: 17320
91 7 82 Area: 17346
88 50 31 Area: 17356
71 72 25 Area: 17374
99 47 28 Area: 17482
46 51 66 Area: 17496
62 75 30 Area: 17520
66 59 39 Area: 17538
41 51 73 Area: 17614
40 44 84 Area: 17632
43 34 96 Area: 17708
24 66 81 Area: 17748
44 93 35 Area: 17774
87 55 29 Area: 17806
23 83 66 Area: 17810
80 96 7 Area: 17824
47 94 32 Area: 17860
83 97 5 Area: 17902
36 94 43 Area: 17948
71 51 44 Area: 17978
33 66 69 Area: 18018
86 36 49 Area: 18148
78 36 55 Area: 18156
40 80 49 Area: 18160
50 31 94 Area: 18328
37 46 90 Area: 18344
10 92 81 Area: 18364
28 100 50 Area: 18400
94 59 24 Area: 18436
81 21 74 Area: 18498
58 60 49 Area: 18524
73 36 61 Area: 18554
40 88 45 Area: 18560
35 68 67 Area: 18562
94 18 68 Area: 18616
74 38 58 Area: 18616
32 83 58 Area: 18652
67 21 90 Area: 18654
73 64 34 Area: 18660
48 94 34 Area: 18680
64 41 64 Area: 18688
42 74 54 Area: 18744
5 89 95 Area: 18750
39 77 55 Area: 18766
39 81 52 Area: 18798
76 31 66 Area: 18836
35 86 53 Area: 18846
84 30 61 Area: 18948
79 64 31 Area: 18978
17 86 78 Area: 18992
61 91 26 Area: 19006
87 59 30 Area: 19026
85 29 62 Area: 19066
30 90 57 Area: 19080
62 46 62 Area: 19096
58 43 70 Area: 19128
98 42 39 Area: 19152
10 93 84 Area: 19164
24 83 71 Area: 19178
94 2 98 Area: 19192
46 56 69 Area: 19228
90 89 9 Area: 19242
86 6 99 Area: 19248
12 97 78 Area: 19332
47 98 35 Area: 19362
89 35 53 Area: 19374
39 56 79 Area: 19378
14 89 82 Area: 19384
86 37 53 Area: 19402
80 11 97 Area: 19414
74 26 78 Area: 19448
25 77 77 Area: 19558
72 57 44 Area: 19560
80 82 20 Area: 19600
85 89 13 Area: 19654
18 76 90 Area: 19656
51 80 44 Area: 19688
63 81 33 Area: 19710
91 52 36 Area: 19760
18 74 93 Area: 19776
59 65 49 Area: 19822
24 62 98 Area: 19832
24 69 89 Area: 19866
85 12 92 Area: 19888
63 79 35 Area: 19894
4 92 100 Area: 19936
50 49 76 Area: 19948
14 88 86 Area: 20008
72 26 83 Area: 20012
79 15 94 Area: 20042
38 57 83 Area: 20102
25 98 62 Area: 20152
52 42 84 Area: 20160
82 55 41 Area: 20254
73 90 22 Area: 20312
100 96 3 Area: 20376
56 91 35 Area: 20482
36 54 93 Area: 20628
52 36 96 Area: 20640
38 68 73 Area: 20644
93 31 60 Area: 20646
82 96 14 Area: 20728
97 95 6 Area: 20734
72 90 24 Area: 20736
46 59 73 Area: 20758
90 15 86 Area: 20760
90 27 68 Area: 20772
75 34 72 Area: 20796
54 38 91 Area: 20848
82 46 52 Area: 20856
97 63 27 Area: 20862
48 45 89 Area: 20874
59 45 75 Area: 20910
62 28 97 Area: 20932
75 53 51 Area: 21006
47 42 96 Area: 21036
66 30 89 Area: 21048
96 8 94 Area: 21088
91 85 16 Area: 21102
54 88 41 Area: 21148
23 94 72 Area: 21172
64 66 49 Area: 21188
96 31 60 Area: 21192
81 23 84 Area: 21198
86 40 57 Area: 21244
71 27 89 Area: 21278
60 72 48 Area: 21312
84 63 37 Area: 21462
55 56 69 Area: 21478
85 26 77 Area: 21514
27 68 94 Area: 21532
71 81 33 Area: 21534
78 73 34 Area: 21656
34 59 95 Area: 21682
46 73 63 Area: 21710
93 74 24 Area: 21780
46 97 45 Area: 21794
65 34 88 Area: 21844
82 29 77 Area: 21850
55 44 86 Area: 21868
49 57 77 Area: 21910
95 60 34 Area: 21940
58 34 98 Area: 21976
31 64 95 Area: 22018
72 63 48 Area: 22032
28 99 65 Area: 22054
94 47 47 Area: 22090
25 70 98 Area: 22120
43 84 59 Area: 22210
63 39 85 Area: 22254
37 80 70 Area: 22300
49 68 67 Area: 22342
64 83 40 Area: 22384
44 85 58 Area: 22444
87 75 29 Area: 22446
59 51 75 Area: 22518
24 80 90 Area: 22560
70 49 66 Area: 22568
90 19 88 Area: 22604
68 45 73 Area: 22618
75 41 71 Area: 22622
80 43 64 Area: 22624
81 19 98 Area: 22678
69 70 47 Area: 22726
96 47 48 Area: 22752
38 81 70 Area: 22816
88 48 53 Area: 22864
65 47 75 Area: 22910
90 33 69 Area: 22914
74 66 47 Area: 22928
51 60 76 Area: 22992
44 75 69 Area: 23022
67 98 30 Area: 23032
11 99 95 Area: 23078
27 97 72 Area: 23094
95 81 22 Area: 23134
70 95 30 Area: 23200
37 93 63 Area: 23262
82 54 53 Area: 23272
94 34 66 Area: 23288
43 95 55 Area: 23350
100 9 99 Area: 23382
27 74 96 Area: 23388
34 92 68 Area: 23392
88 18 96 Area: 23520
51 99 45 Area: 23598
74 32 89 Area: 23604
78 49 63 Area: 23646
24 100 76 Area: 23648
85 42 65 Area: 23650
88 51 53 Area: 23710
49 62 80 Area: 23836
75 60 55 Area: 23850
31 93 73 Area: 23870
33 90 73 Area: 23898
73 97 29 Area: 24022
66 79 47 Area: 24058
99 28 73 Area: 24086
51 86 56 Area: 24116
55 52 86 Area: 24124
34 80 82 Area: 24136
42 95 59 Area: 24146
46 64 83 Area: 24148
68 32 99 Area: 24152
59 58 74 Area: 24160
73 60 58 Area: 24188
89 55 50 Area: 24190
77 38 80 Area: 24252
53 48 95 Area: 24278
88 82 29 Area: 24292
98 100 12 Area: 24352
23 96 84 Area: 24408
39 70 87 Area: 24426
83 22 99 Area: 24442
32 70 98 Area: 24472
41 60 97 Area: 24514
62 61 69 Area: 24538
76 77 42 Area: 24556
78 35 85 Area: 24670
79 25 100 Area: 24750
78 84 36 Area: 24768
97 96 16 Area: 24800
98 33 70 Area: 24808
94 47 57 Area: 24910
62 89 46 Area: 24928
47 89 61 Area: 24958
94 33 74 Area: 25000
53 52 93 Area: 25042
58 63 74 Area: 25216
64 87 47 Area: 25330
65 40 96 Area: 25360
84 45 69 Area: 25362
99 17 95 Area: 25406
47 97 57 Area: 25534
60 78 59 Area: 25644
98 58 46 Area: 25720
85 77 39 Area: 25726
82 93 30 Area: 25752
77 38 87 Area: 25862
100 56 47 Area: 25864
58 56 85 Area: 25876
16 100 98 Area: 25936
91 41 70 Area: 25942
60 61 77 Area: 25954
81 46 73 Area: 25994
39 80 83 Area: 25994
49 95 58 Area: 26014
48 78 74 Area: 26136
77 45 79 Area: 26206
44 72 86 Area: 26288
30 79 99 Area: 26322
86 93 29 Area: 26378
82 51 68 Area: 26452
72 50 79 Area: 26476
94 98 21 Area: 26488
42 90 72 Area: 26568
85 82 38 Area: 26632
69 78 54 Area: 26640
95 43 68 Area: 26938
80 81 44 Area: 27128
77 72 54 Area: 27180
96 39 73 Area: 27198
29 84 99 Area: 27246
43 99 66 Area: 27258
51 94 61 Area: 27278
73 80 51 Area: 27286
74 71 58 Area: 27328
100 33 78 Area: 27348
91 50 65 Area: 27430
78 95 37 Area: 27622
67 95 46 Area: 27634
70 41 99 Area: 27718
79 90 40 Area: 27740
68 47 93 Area: 27782
87 77 44 Area: 27830
97 50 62 Area: 27928
70 97 43 Area: 27942
56 62 89 Area: 27948
43 90 76 Area: 27956
100 51 59 Area: 28018
88 29 98 Area: 28036
85 46 78 Area: 28256
40 85 86 Area: 28300
95 71 45 Area: 28430
43 96 73 Area: 28550
29 92 96 Area: 28568
80 71 57 Area: 28574
72 97 44 Area: 28840
35 81 100 Area: 28870
96 57 59 Area: 28998
52 92 68 Area: 29152
99 91 30 Area: 29418
86 68 58 Area: 29560
97 85 36 Area: 29594
24 100 100 Area: 29600
84 91 41 Area: 29638
91 60 62 Area: 29644
86 72 55 Area: 29764
71 79 62 Area: 29818
93 78 45 Area: 29898
84 58 71 Area: 29908
54 85 75 Area: 30030
66 89 59 Area: 30038
85 96 38 Area: 30076
79 67 67 Area: 30150
83 67 64 Area: 30322
76 51 89 Area: 30358
80 80 55 Area: 30400
56 91 69 Area: 30478
90 71 55 Area: 30490
62 95 60 Area: 30620
91 78 49 Area: 30758
97 91 35 Area: 30814
42 85 94 Area: 31016
85 60 72 Area: 31080
99 77 45 Area: 31086
76 49 95 Area: 31198
90 94 39 Area: 31272
88 92 42 Area: 31312
45 78 99 Area: 31374
67 83 68 Area: 31522
81 56 82 Area: 31540
95 51 75 Area: 31590
58 78 83 Area: 31624
77 67 74 Area: 31630
73 76 69 Area: 31658
75 82 62 Area: 31768
50 77 95 Area: 31830
62 67 92 Area: 32044
89 42 94 Area: 32104
69 95 58 Area: 32134
82 57 82 Area: 32144
62 87 72 Area: 32244
73 85 63 Area: 32318
86 49 89 Area: 32458
60 74 88 Area: 32464
100 75 50 Area: 32500
98 95 36 Area: 32516
65 60 99 Area: 32550
73 100 52 Area: 32592
87 57 79 Area: 32670
44 83 100 Area: 32704
46 93 87 Area: 32742
45 98 84 Area: 32844
97 93 39 Area: 32862
50 88 88 Area: 33088
90 44 94 Area: 33112
85 45 98 Area: 33130
95 51 81 Area: 33342
80 55 91 Area: 33370
48 97 83 Area: 33382
94 42 94 Area: 33464
91 77 58 Area: 33502
71 59 97 Area: 33598
53 76 99 Area: 33598
100 87 44 Area: 33856
69 66 92 Area: 33948
97 85 49 Area: 34326
62 73 95 Area: 34702
69 84 76 Area: 34848
44 92 99 Area: 35024
92 97 46 Area: 35236
90 94 50 Area: 35320
65 82 84 Area: 35356
61 72 100 Area: 35384
96 45 95 Area: 35430
48 94 93 Area: 35436
83 79 69 Area: 35470
82 54 98 Area: 35512
57 90 86 Area: 35544
92 62 79 Area: 35740
81 83 68 Area: 35750
80 82 70 Area: 35800
94 75 65 Area: 36070
75 98 62 Area: 36152
81 76 76 Area: 36176
88 80 66 Area: 36256
97 96 46 Area: 36380
63 92 80 Area: 36392
66 70 100 Area: 36440
75 70 90 Area: 36600
95 74 67 Area: 36706
81 59 98 Area: 36998
69 79 89 Area: 37246
65 82 91 Area: 37414
67 93 78 Area: 37422
76 81 80 Area: 37432
99 95 48 Area: 37434
58 100 82 Area: 37512
92 57 91 Area: 37606
81 67 91 Area: 37790
96 89 56 Area: 37808
58 89 94 Area: 37960
74 81 84 Area: 38028
56 99 87 Area: 38058
81 94 66 Area: 38328
84 70 87 Area: 38556
98 60 85 Area: 38620
96 62 85 Area: 38764
58 100 86 Area: 38776
93 98 54 Area: 38856
87 63 93 Area: 38862
88 75 79 Area: 38954
68 92 83 Area: 39072
88 87 68 Area: 39112
89 69 86 Area: 39458
100 77 68 Area: 39472
98 66 81 Area: 39504
91 80 73 Area: 39526
95 67 83 Area: 39622
89 87 70 Area: 40126
64 93 90 Area: 40164
97 79 71 Area: 40318
74 74 100 Area: 40552
81 69 98 Area: 40578
81 92 76 Area: 41200
76 95 79 Area: 41458
79 78 93 Area: 41526
74 82 95 Area: 41776
98 86 68 Area: 41880
91 76 84 Area: 41888
96 97 61 Area: 42170
86 84 82 Area: 42328
90 78 85 Area: 42600
95 85 74 Area: 42790
96 67 92 Area: 42856
71 97 88 Area: 43342
96 96 65 Area: 43392
67 99 93 Area: 44142
96 75 87 Area: 44154
63 99 98 Area: 44226
87 79 92 Area: 44290
99 74 86 Area: 44408
83 94 82 Area: 44632
95 75 90 Area: 44850
79 91 90 Area: 44978
97 79 85 Area: 45246
86 96 80 Area: 45632
100 90 73 Area: 45740
82 97 84 Area: 45980
94 82 92 Area: 47800
91 86 91 Area: 47866
92 86 91 Area: 48220
79 91 100 Area: 48378
94 86 91 Area: 48928
99 93 80 Area: 49134
90 82 100 Area: 49160
92 91 95 Area: 51514
93 98 88 Area: 51844
92 93 98 Area: 53372
92 100 100 Area: 56800
100 98 99 Area: 58804
