1 13 1 
3 4 21 
4 34 1 
30 8 1 
3 71 1 
13 4 14 
2 2 72 
58 2 3 
31 6 3 
31 6 3 
14 14 4 
10 8 13 
2 5 46 
3 4 50 
3 50 4 
1 27 12 
8 9 18 
29 4 8 
25 11 3 
17 8 11 
36 3 8 
85 1 4 
23 9 7 
4 13 23 
9 8 22 
12 10 15 
3 35 10 
14 8 17 
2 10 40 
71 6 1 
19 9 12 
46 8 3 
26 13 5 
4 51 6 
47 2 9 
30 2 15 
50 10 1 
16 26 4 
64 6 3 
7 6 44 
9 49 3 
24 24 1 
11 2 47 
26 21 2 
28 6 14 
11 1 53 
19 27 3 
66 1 9 
3 27 20 
15 20 12 
2 8 71 
64 7 4 
4 21 26 
35 5 14 
65 3 8 
29 2 22 
22 22 6 
7 2 82 
11 24 14 
22 18 9 
6 47 9 
5 31 17 
3 25 25 
11 32 10 
6 17 30 
1 37 20 
11 18 21 
21 21 9 
34 2 21 
8 4 66 
36 17 4 
45 5 12 
25 33 0 
25 31 1 
16 48 1 
53 10 5 
84 9 1 
6 31 18 
2 24 31 
7 59 7 
9 24 20 
16 38 5 
25 33 1 
10 2 72 
7 2 97 
36 15 7 
34 19 5 
25 23 7 
7 19 30 
2 8 90 
4 55 12 
14 10 33 
8 4 75 
1 38 23 
5 52 12 
20 8 28 
30 11 15 
12 43 8 
7 95 3 
36 6 18 
6 22 30 
38 24 1 
6 8 67 
13 45 7 
28 20 9 
11 15 32 
14 11 34 
24 42 0 
32 5 23 
4 39 20 
8 60 8 
3 11 72 
2 10 86 
59 12 5 
2 10 87 
15 14 30 
29 6 26 
1 12 83 
15 45 7 
13 2 72 
16 49 5 
16 65 1 
5 45 18 
9 11 52 
9 24 28 
21 15 23 
12 42 12 
35 23 6 
11 4 74 
8 39 18 
11 29 21 
75 3 12 
27 17 16 
28 28 7 
10 3 89 
29 8 26 
17 31 14 
4 15 60 
16 16 30 
22 39 6 
14 43 11 
6 7 92 
4 29 34 
16 1 72 
25 27 11 
17 36 12 
57 18 3 
2 14 77 
68 15 3 
9 6 81 
12 89 2 
2 56 20 
18 16 29 
38 32 1 
6 7 96 
6 10 77 
83 10 5 
5 14 65 
6 69 12 
14 47 11 
16 31 18 
17 34 15 
2 13 88 
9 42 19 
7 57 15 
6 9 87 
38 14 16 
28 2 44 
2 61 20 
10 96 4 
20 12 36 
25 21 19 
20 20 25 
53 16 8 
48 17 9 
11 53 13 
1 16 83 
8 36 26 
18 43 11 
77 13 5 
18 15 36 
17 6 59 
75 17 2 
17 81 1 
50 1 28 
1 19 73 
1 61 23 
33 1 43 
81 3 15 
2 70 19 
14 76 5 
14 8 64 
8 22 45 
7 81 11 
3 47 28 
8 25 41 
2 18 76 
1 64 23 
54 3 25 
7 32 35 
48 18 11 
18 70 4 
10 29 34 
42 30 5 
3 38 37 
57 10 16 
99 7 9 
4 12 100 
13 15 52 
19 53 9 
27 22 22 
14 19 43 
30 6 42 
16 49 14 
94 1 17 
42 5 32 
80 19 2 
24 32 17 
16 29 28 
17 89 2 
31 46 4 
82 11 9 
82 1 20 
22 31 20 
6 60 21 
15 89 4 
16 2 96 
44 20 14 
8 63 18 
63 8 18 
14 7 81 
14 7 81 
19 19 38 
18 12 53 
50 9 23 
34 19 22 
11 32 34 
62 7 20 
2 81 20 
38 11 29 
87 10 10 
16 26 34 
82 20 2 
58 4 26 
14 20 46 
30 13 34 
8 52 24 
14 94 5 
22 1 80 
36 16 25 
49 16 17 
17 61 11 
1 37 49 
5 32 47 
12 24 45 
54 13 18 
13 52 19 
61 27 3 
65 28 1 
26 25 25 
3 41 41 
24 52 9 
71 22 4 
39 15 25 
68 12 14 
4 24 66 
23 76 2 
12 10 83 
5 29 53 
94 5 15 
42 31 9 
23 30 24 
66 5 23 
99 11 8 
18 27 33 
7 12 100 
44 12 26 
56 24 8 
19 15 50 
5 62 25 
11 62 18 
25 10 50 
7 69 20 
20 69 7 
19 39 22 
23 21 35 
18 58 13 
42 10 31 
58 17 14 
15 14 63 
32 25 22 
43 28 12 
20 43 19 
12 67 16 
47 15 22 
62 6 25 
60 1 33 
29 46 10 
15 27 40 
5 83 19 
36 41 8 
35 48 5 
29 38 15 
21 13 54 
7 23 65 
23 7 65 
14 56 19 
18 35 28 
75 4 23 
3 25 73 
57 4 31 
66 24 6 
58 24 9 
10 14 83 
67 19 10 
84 2 23 
25 41 17 
87 3 21 
45 10 31 
19 17 51 
18 74 9 
65 25 6 
18 30 34 
11 28 48 
9 49 30 
96 18 4 
63 25 7 
13 8 100 
33 33 17 
29 73 1 
73 10 18 
12 70 17 
84 8 17 
34 34 16 
75 21 7 
11 12 92 
26 39 19 
18 48 21 
84 12 13 
2 71 29 
32 29 22 
50 12 27 
86 18 7 
5 25 72 
2 72 29 
4 26 73 
11 48 30 
76 19 9 
5 23 78 
10 46 33 
26 20 39 
54 35 5 
67 24 8 
48 43 3 
38 48 6 
3 47 44 
29 57 8 
6 33 55 
87 4 22 
74 2 29 
34 11 44 
28 15 45 
31 52 9 
17 61 17 
34 46 10 
36 3 58 
70 2 31 
23 15 54 
16 70 15 
16 65 17 
24 4 83 
7 88 19 
63 15 19 
33 39 16 
16 55 22 
16 14 74 
96 12 12 
20 26 42 
35 57 5 
9 18 85 
27 20 41 
38 53 5 
32 60 6 
81 23 6 
8 21 80 
8 36 50 
56 41 2 
27 38 23 
8 64 28 
68 5 30 
46 37 10 
1 61 40 
63 11 25 
54 24 16 
35 2 67 
16 22 58 
27 18 46 
5 50 42 
25 55 15 
83 21 8 
30 64 7 
34 11 49 
27 42 21 
100 21 4 
3 56 41 
66 32 5 
6 60 34 
39 16 36 
31 45 16 
66 3 35 
5 24 86 
39 55 5 
59 8 32 
72 28 6 
34 1 74 
24 76 8 
6 68 30 
54 40 5 
39 25 26 
25 8 74 
88 13 15 
48 20 25 
20 82 10 
6 48 44 
52 17 26 
57 12 29 
53 29 14 
94 9 18 
74 27 7 
83 12 18 
28 69 8 
19 45 29 
87 10 19 
25 63 13 
4 72 32 
43 32 18 
34 47 14 
36 29 26 
78 6 27 
41 34 18 
47 27 20 
39 9 50 
35 4 67 
13 73 21 
29 71 7 
38 40 16 
92 15 13 
11 58 31 
28 15 55 
45 38 13 
10 53 36 
13 56 30 
99 27 1 
27 1 99 
52 1 52 
40 65 2 
33 6 67 
39 4 62 
45 56 3 
20 55 23 
9 42 48 
51 13 34 
37 15 44 
65 39 3 
24 25 46 
37 51 11 
17 50 30 
48 15 34 
86 28 4 
24 4 99 
28 57 15 
86 21 10 
41 12 45 
51 15 32 
37 4 67 
45 37 15 
51 57 0 
22 10 84 
15 13 97 
14 60 28 
31 26 37 
27 62 14 
1 36 78 
55 9 38 
55 9 38 
84 20 12 
32 4 78 
31 40 24 
44 39 15 
63 39 5 
51 45 7 
21 10 89 
35 15 49 
37 42 18 
29 20 49 
23 42 31 
24 16 65 
34 81 2 
35 43 19 
40 62 5 
96 25 5 
3 42 64 
19 72 18 
86 15 17 
88 8 24 
16 22 70 
45 45 11 
37 20 40 
10 30 68 
88 4 29 
28 40 28 
6 53 46 
32 17 51 
3 31 87 
29 97 2 
36 38 23 
87 29 5 
7 32 74 
61 41 6 
13 54 36 
35 71 6 
46 51 8 
25 31 42 
6 78 32 
12 54 38 
8 26 87 
15 27 66 
33 15 56 
46 60 4 
13 30 65 
7 59 42 
19 20 72 
26 23 53 
33 86 3 
3 70 41 
12 42 50 
19 64 24 
2 49 61 
79 26 11 
13 96 18 
81 23 13 
23 8 98 
19 13 93 
3 95 30 
35 20 46 
75 28 11 
27 5 97 
54 38 13 
68 14 28 
82 4 34 
87 27 8 
54 49 6 
32 78 7 
99 9 22 
3 33 88 
88 15 19 
99 21 10 
72 20 20 
38 25 37 
46 62 4 
33 21 48 
55 26 23 
13 61 34 
3 80 37 
24 57 24 
47 10 50 
28 83 9 
47 66 2 
40 13 53 
45 58 7 
12 45 49 
12 82 25 
87 29 7 
27 100 5 
13 35 60 
60 42 8 
7 43 61 
98 22 10 
63 3 48 
15 67 29 
42 10 57 
24 20 66 
16 36 54 
30 83 8 
54 5 53 
9 85 28 
36 51 18 
44 45 16 
81 24 14 
24 33 46 
50 18 37 
46 65 4 
30 40 32 
33 9 75 
17 84 20 
11 94 23 
45 28 30 
54 2 60 
66 25 20 
42 35 26 
42 80 1 
2 63 52 
3 37 85 
24 100 9 
76 7 36 
18 56 34 
22 37 46 
21 54 32 
45 38 22 
42 60 10 
66 1 52 
52 54 7 
82 31 9 
6 39 74 
63 11 39 
28 19 65 
31 39 34 
31 10 80 
3 97 33 
38 35 31 
65 20 27 
25 41 39 
92 12 24 
42 17 49 
46 23 37 
54 17 38 
34 53 21 
30 73 14 
55 64 1 
3 86 38 
15 87 23 
40 61 12 
54 8 52 
53 8 53 
11 49 52 
25 38 43 
64 6 47 
78 44 2 
4 89 36 
6 37 81 
14 47 50 
51 3 66 
86 21 18 
15 25 84 
69 31 16 
34 17 62 
24 24 66 
62 42 11 
3 50 68 
12 63 40 
12 35 71 
55 4 60 
1 44 83 
46 42 21 
95 27 10 
26 60 26 
68 8 43 
52 71 1 
22 18 86 
24 22 72 
31 42 35 
5 45 73 
74 39 9 
84 13 29 
14 24 94 
51 11 54 
4 37 92 
23 63 29 
4 41 84 
15 87 26 
8 98 30 
9 62 48 
22 84 20 
38 25 48 
73 26 21 
44 72 7 
92 30 10 
82 19 24 
50 44 19 
7 36 87 
61 32 22 
80 21 23 
23 80 21 
88 37 6 
37 47 27 
83 26 17 
31 63 22 
3 39 93 
75 52 1 
8 85 36 
45 56 15 
17 20 100 
80 10 36 
78 47 3 
30 85 13 
4 65 55 
48 22 43 
67 2 57 
27 73 21 
29 62 25 
26 12 99 
34 20 63 
98 35 5 
9 80 38 
24 48 41 
56 59 7 
23 20 85 
7 100 32 
22 38 55 
63 4 58 
16 82 29 
33 13 81 
76 53 1 
43 35 34 
98 26 13 
86 41 5 
48 68 8 
20 35 64 
52 18 47 
20 93 21 
56 56 10 
25 19 86 
14 83 32 
10 32 94 
69 17 36 
40 2 100 
20 84 25 
31 20 72 
41 51 24 
17 37 68 
37 26 53 
77 42 9 
14 71 39 
4 57 67 
96 38 5 
47 4 81 
39 37 38 
33 48 34 
19 75 31 
42 100 1 
16 43 62 
18 55 46 
81 43 7 
33 35 47 
10 35 89 
37 54 26 
11 33 91 
90 30 14 
11 36 85 
100 18 22 
25 56 37 
44 28 44 
65 2 64 
49 13 61 
23 52 43 
40 97 4 
47 36 33 
11 69 46 
24 42 52 
21 81 27 
74 18 34 
96 18 24 
26 91 18 
56 6 67 
35 30 53 
46 59 17 
23 47 49 
18 41 64 
33 26 62 
29 85 18 
41 59 21 
33 52 33 
15 67 43 
4 89 45 
17 98 25 
9 52 67 
62 13 50 
15 99 27 
14 54 56 
9 74 47 
50 26 43 
43 76 11 
82 7 45 
3 82 51 
16 94 28 
16 28 94 
2 100 43 
5 52 76 
86 23 24 
70 31 24 
68 7 55 
34 46 38 
25 57 39 
73 6 53 
42 37 39 
36 70 20 
13 60 53 
31 15 91 
3 56 76 
56 39 26 
55 6 71 
37 62 24 
44 13 72 
52 17 55 
96 27 17 
45 28 47 
8 74 50 
31 70 25 
97 28 16 
44 20 60 
13 55 59 
31 41 48 
24 66 35 
39 53 29 
78 4 54 
22 61 41 
21 36 70 
91 10 38 
45 61 19 
45 42 33 
59 68 6 
25 26 81 
54 16 56 
41 25 57 
29 99 15 
96 47 2 
94 7 41 
4 62 69 
37 34 50 
81 44 10 
49 33 39 
35 86 15 
75 10 48 
37 29 57 
54 87 1 
18 67 43 
13 50 67 
63 73 2 
34 74 22 
30 99 15 
14 44 74 
23 62 41 
12 52 67 
25 63 38 
38 32 53 
58 47 21 
76 58 4 
35 86 16 
71 66 2 
59 75 4 
84 35 17 
24 64 39 
20 41 68 
92 9 41 
7 46 88 
97 3 47 
16 89 34 
30 58 37 
51 25 49 
21 78 34 
37 19 77 
74 51 10 
18 87 33 
5 74 59 
29 60 37 
12 73 49 
9 38 100 
22 57 48 
81 54 5 
58 80 3 
42 13 82 
84 41 13 
64 67 6 
97 45 5 
29 49 47 
19 28 97 
74 35 23 
1 84 59 
28 26 81 
24 23 97 
11 43 86 
60 38 29 
6 52 83 
6 76 57 
87 40 13 
89 10 43 
19 76 39 
41 26 61 
16 79 41 
28 96 20 
56 61 15 
43 35 47 
6 56 78 
54 3 88 
41 47 37 
22 87 30 
32 90 19 
38 66 26 
72 65 4 
12 59 64 
10 49 81 
84 53 6 
60 65 11 
20 46 66 
93 41 11 
90 18 34 
75 9 55 
94 42 10 
56 76 8 
63 45 23 
62 15 57 
79 51 10 
22 30 90 
4 63 76 
48 54 27 
11 66 60 
47 79 13 
84 28 27 
39 64 28 
68 73 3 
43 51 34 
29 64 38 
13 40 92 
59 89 1 
56 5 84 
40 63 28 
92 54 3 
9 52 81 
72 9 59 
64 11 63 
69 10 60 
7 86 52 
3 55 91 
39 13 95 
31 41 58 
22 34 84 
75 19 43 
37 16 92 
33 50 46 
49 33 47 
48 6 96 
74 1 72 
50 64 20 
92 36 17 
12 53 75 
46 7 98 
12 47 84 
81 49 12 
5 77 63 
94 23 29 
61 58 17 
28 64 41 
34 23 84 
33 18 98 
38 90 17 
13 49 80 
98 20 31 
15 36 100 
73 25 39 
90 20 35 
7 55 85 
91 2 59 
91 2 59 
30 94 23 
14 38 99 
58 9 77 
34 26 80 
20 58 58 
29 70 37 
40 93 15 
26 68 42 
22 85 36 
39 93 16 
59 22 55 
43 22 74 
73 77 1 
56 10 79 
50 22 65 
15 43 89 
27 56 52 
79 60 8 
16 47 81 
33 91 23 
27 47 62 
36 17 99 
3 100 54 
44 50 39 
100 23 29 
11 43 100 
18 36 97 
53 97 5 
91 44 14 
58 99 1 
56 75 13 
25 39 77 
11 79 56 
30 94 25 
59 60 20 
40 74 26 
78 11 57 
100 41 13 
97 2 58 
89 13 47 
95 1 61 
79 28 35 
48 54 33 
19 70 52 
40 95 16 
40 16 95 
45 63 29 
54 16 73 
63 30 44 
99 46 10 
66 4 82 
33 58 45 
37 24 84 
59 29 49 
32 75 34 
39 51 45 
34 25 88 
52 56 29 
29 94 27 
80 50 16 
45 21 78 
71 16 57 
57 99 3 
24 48 69 
6 55 95 
64 46 29 
9 75 65 
40 89 20 
22 70 50 
69 25 47 
22 45 77 
66 78 7 
82 30 33 
18 40 94 
71 38 32 
65 24 52 
60 29 50 
14 48 89 
89 58 7 
29 35 81 
60 5 91 
76 49 20 
41 18 93 
64 20 59 
82 27 37 
50 31 58 
10 77 63 
33 69 39 
100 18 38 
37 29 79 
67 16 63 
36 95 22 
30 59 51 
2 75 80 
53 27 61 
58 60 24 
55 9 91 
93 35 24 
89 36 25 
42 66 33 
42 69 31 
31 27 95 
40 66 35 
14 97 45 
12 88 53 
36 96 22 
95 45 15 
98 24 33 
72 58 17 
3 79 75 
15 54 81 
31 66 45 
42 45 52 
81 37 29 
51 97 10 
74 22 50 
58 25 60 
91 44 18 
81 16 53 
56 45 39 
84 40 25 
28 35 87 
16 80 54 
76 60 14 
1 97 65 
98 16 43 
35 46 60 
6 64 87 
12 80 60 
33 40 71 
79 38 30 
48 33 61 
46 83 21 
46 21 83 
19 73 56 
78 64 11 
90 6 63 
15 60 76 
63 80 11 
67 55 24 
48 45 48 
1 84 77 
66 59 22 
82 65 9 
40 30 78 
69 12 72 
72 31 43 
82 42 26 
30 37 83 
55 11 92 
86 16 52 
33 39 75 
49 79 22 
13 88 55 
33 49 62 
64 26 56 
41 34 71 
91 32 31 
100 36 23 
70 32 44 
19 84 50 
41 93 22 
83 47 22 
73 40 34 
54 95 11 
66 40 39 
75 49 25 
76 59 17 
79 45 26 
46 93 18 
73 28 47 
75 26 48 
49 87 19 
32 30 95 
64 25 59 
60 18 74 
73 42 33 
100 36 24 
74 56 21 
52 83 19 
94 44 20 
58 21 72 
56 65 27 
88 49 19 
51 56 38 
21 83 50 
78 3 83 
24 74 53 
54 32 61 
26 62 61 
76 3 86 
52 17 89 
30 92 35 
38 75 37 
30 47 73 
44 92 22 
89 51 18 
40 36 74 
74 91 2 
41 67 40 
35 31 91 
48 26 79 
61 53 34 
42 38 69 
66 16 74 
90 51 18 
47 17 99 
72 40 38 
53 54 40 
45 37 67 
98 29 34 
82 18 57 
72 67 17 
50 67 33 
64 23 66 
16 49 99 
43 36 72 
96 40 25 
70 62 22 
65 86 11 
98 26 38 
55 49 44 
50 45 53 
37 80 37 
56 34 60 
53 57 39 
17 59 83 
40 84 32 
24 80 52 
44 38 69 
95 35 31 
78 90 2 
61 71 23 
74 14 72 
62 70 23 
70 13 78 
96 51 17 
12 99 56 
77 15 68 
60 20 78 
16 91 56 
89 33 37 
50 43 57 
37 68 47 
63 78 18 
30 64 59 
57 37 57 
30 95 37 
29 41 90 
18 68 73 
44 89 27 
16 58 89 
93 5 72 
55 82 22 
6 79 83 
28 80 49 
60 25 71 
100 50 17 
15 80 67 
78 52 27 
84 11 70 
52 31 72 
21 99 46 
78 83 7 
63 18 80 
74 39 42 
52 84 24 
63 23 72 
27 66 63 
17 81 64 
42 65 46 
65 46 42 
54 17 95 
37 32 94 
43 64 46 
49 35 71 
65 63 28 
65 58 32 
62 47 44 
95 30 39 
56 27 75 
74 39 43 
70 58 29 
45 97 24 
54 45 54 
14 70 81 
54 31 72 
80 62 20 
62 32 62 
85 86 3 
82 68 15 
30 67 60 
54 58 42 
82 48 30 
54 30 74 
78 39 41 
59 50 45 
16 62 88 
59 31 67 
79 89 5 
40 69 47 
11 77 80 
86 67 14 
39 92 33 
17 55 97 
95 62 13 
41 48 67 
78 6 89 
71 46 40 
36 81 43 
58 18 91 
97 13 61 
71 13 84 
73 25 63 
68 96 9 
80 56 26 
35 39 90 
23 68 71 
57 37 63 
54 80 28 
28 74 59 
91 65 14 
14 69 86 
17 67 83 
60 80 24 
29 62 70 
77 56 29 
65 13 94 
36 56 67 
90 7 78 
92 78 6 
91 66 14 
98 37 34 
67 38 54 
63 28 71 
96 57 18 
68 99 9 
51 90 26 
68 29 65 
25 81 59 
12 74 86 
27 100 44 
19 55 98 
83 72 15 
75 93 8 
11 96 68 
51 23 97 
31 80 53 
65 80 22 
54 33 76 
59 60 41 
29 74 61 
35 49 80 
38 43 84 
66 66 31 
26 99 47 
67 60 35 
72 39 51 
14 71 88 
26 58 83 
25 70 71 
93 42 34 
94 47 29 
47 87 33 
94 10 73 
36 77 51 
31 94 45 
100 27 46 
1 88 95 
94 70 12 
45 52 64 
61 22 87 
84 58 26 
82 28 57 
83 85 9 
29 69 67 
19 76 75 
49 44 69 
81 66 22 
90 7 82 
88 86 6 
53 28 88 
81 17 74 
69 85 18 
82 39 45 
98 19 58 
55 37 72 
74 19 78 
91 7 82 
88 50 31 
71 72 25 
99 47 28 
46 51 66 
62 75 30 
66 59 39 
41 51 73 
40 44 84 
43 34 96 
24 66 81 
44 93 35 
87 55 29 
23 83 66 
80 96 7 
47 94 32 
83 97 5 
36 94 43 
71 51 44 
33 66 69 
86 36 49 
78 36 55 
40 80 49 
50 31 94 
37 46 90 
10 92 81 
28 100 50 
94 59 24 
81 21 74 
58 60 49 
73 36 61 
40 88 45 
35 68 67 
94 18 68 
74 38 58 
32 83 58 
67 21 90 
73 64 34 
48 94 34 
64 41 64 
42 74 54 
5 89 95 
39 77 55 
39 81 52 
76 31 66 
35 86 53 
84 30 61 
79 64 31 
17 86 78 
61 91 26 
87 59 30 
85 29 62 
30 90 57 
62 46 62 
58 43 70 
98 42 39 
10 93 84 
24 83 71 
94 2 98 
46 56 69 
90 89 9 
86 6 99 
12 97 78 
47 98 35 
89 35 53 
39 56 79 
14 89 82 
86 37 53 
80 11 97 
74 26 78 
25 77 77 
72 57 44 
80 82 20 
85 89 13 
18 76 90 
51 80 44 
63 81 33 
91 52 36 
18 74 93 
59 65 49 
24 62 98 
24 69 89 
85 12 92 
63 79 35 
4 92 100 
50 49 76 
14 88 86 
72 26 83 
79 15 94 
38 57 83 
25 98 62 
52 42 84 
82 55 41 
73 90 22 
100 96 3 
56 91 35 
36 54 93 
52 36 96 
38 68 73 
93 31 60 
82 96 14 
97 95 6 
72 90 24 
46 59 73 
90 15 86 
90 27 68 
75 34 72 
54 38 91 
82 46 52 
97 63 27 
48 45 89 
59 45 75 
62 28 97 
75 53 51 
47 42 96 
66 30 89 
96 8 94 
91 85 16 
54 88 41 
23 94 72 
64 66 49 
96 31 60 
81 23 84 
86 40 57 
71 27 89 
60 72 48 
84 63 37 
55 56 69 
85 26 77 
27 68 94 
71 81 33 
78 73 34 
34 59 95 
46 73 63 
93 74 24 
46 97 45 
65 34 88 
82 29 77 
55 44 86 
49 57 77 
95 60 34 
58 34 98 
31 64 95 
72 63 48 
28 99 65 
94 47 47 
25 70 98 
43 84 59 
63 39 85 
37 80 70 
49 68 67 
64 83 40 
44 85 58 
87 75 29 
59 51 75 
24 80 90 
70 49 66 
90 19 88 
68 45 73 
75 41 71 
80 43 64 
81 19 98 
69 70 47 
96 47 48 
38 81 70 
88 48 53 
65 47 75 
90 33 69 
74 66 47 
51 60 76 
44 75 69 
67 98 30 
11 99 95 
27 97 72 
95 81 22 
70 95 30 
37 93 63 
82 54 53 
94 34 66 
43 95 55 
100 9 99 
27 74 96 
34 92 68 
88 18 96 
51 99 45 
74 32 89 
78 49 63 
24 100 76 
85 42 65 
88 51 53 
49 62 80 
75 60 55 
31 93 73 
33 90 73 
73 97 29 
66 79 47 
99 28 73 
51 86 56 
55 52 86 
34 80 82 
42 95 59 
46 64 83 
68 32 99 
59 58 74 
73 60 58 
89 55 50 
77 38 80 
53 48 95 
88 82 29 
98 100 12 
23 96 84 
39 70 87 
83 22 99 
32 70 98 
41 60 97 
62 61 69 
76 77 42 
78 35 85 
79 25 100 
78 84 36 
97 96 16 
98 33 70 
94 47 57 
62 89 46 
47 89 61 
94 33 74 
53 52 93 
58 63 74 
64 87 47 
65 40 96 
84 45 69 
99 17 95 
47 97 57 
60 78 59 
98 58 46 
85 77 39 
82 93 30 
77 38 87 
100 56 47 
58 56 85 
16 100 98 
91 41 70 
60 61 77 
81 46 73 
39 80 83 
49 95 58 
48 78 74 
77 45 79 
44 72 86 
30 79 99 
86 93 29 
82 51 68 
72 50 79 
94 98 21 
42 90 72 
85 82 38 
69 78 54 
95 43 68 
80 81 44 
77 72 54 
96 39 73 
29 84 99 
43 99 66 
51 94 61 
73 80 51 
74 71 58 
100 33 78 
91 50 65 
78 95 37 
67 95 46 
70 41 99 
79 90 40 
68 47 93 
87 77 44 
97 50 62 
70 97 43 
56 62 89 
43 90 76 
100 51 59 
88 29 98 
85 46 78 
40 85 86 
95 71 45 
43 96 73 
29 92 96 
80 71 57 
72 97 44 
35 81 100 
96 57 59 
52 92 68 
99 91 30 
86 68 58 
97 85 36 
24 100 100 
84 91 41 
91 60 62 
86 72 55 
71 79 62 
93 78 45 
84 58 71 
54 85 75 
66 89 59 
85 96 38 
79 67 67 
83 67 64 
76 51 89 
80 80 55 
56 91 69 
90 71 55 
62 95 60 
91 78 49 
97 91 35 
42 85 94 
85 60 72 
99 77 45 
76 49 95 
90 94 39 
88 92 42 
45 78 99 
67 83 68 
81 56 82 
95 51 75 
58 78 83 
77 67 74 
73 76 69 
75 82 62 
50 77 95 
62 67 92 
89 42 94 
69 95 58 
82 57 82 
62 87 72 
73 85 63 
86 49 89 
60 74 88 
100 75 50 
98 95 36 
65 60 99 
73 100 52 
87 57 79 
44 83 100 
46 93 87 
45 98 84 
97 93 39 
50 88 88 
90 44 94 
85 45 98 
95 51 81 
80 55 91 
48 97 83 
94 42 94 
91 77 58 
71 59 97 
53 76 99 
100 87 44 
69 66 92 
97 85 49 
62 73 95 
69 84 76 
44 92 99 
92 97 46 
90 94 50 
65 82 84 
61 72 100 
96 45 95 
48 94 93 
83 79 69 
82 54 98 
57 90 86 
92 62 79 
81 83 68 
80 82 70 
94 75 65 
75 98 62 
81 76 76 
88 80 66 
97 96 46 
63 92 80 
66 70 100 
75 70 90 
95 74 67 
81 59 98 
69 79 89 
65 82 91 
67 93 78 
76 81 80 
99 95 48 
58 100 82 
92 57 91 
81 67 91 
96 89 56 
58 89 94 
74 81 84 
56 99 87 
81 94 66 
84 70 87 
98 60 85 
96 62 85 
58 100 86 
93 98 54 
87 63 93 
88 75 79 
68 92 83 
88 87 68 
89 69 86 
100 77 68 
98 66 81 
91 80 73 
95 67 83 
89 87 70 
64 93 90 
97 79 71 
74 74 100 
81 69 98 
81 92 76 
76 95 79 
79 78 93 
74 82 95 
98 86 68 
91 76 84 
96 97 61 
86 84 82 
90 78 85 
95 85 74 
96 67 92 
71 97 88 
96 96 65 
67 99 93 
96 75 87 
63 99 98 
87 79 92 
99 74 86 
83 94 82 
95 75 90 
79 91 90 
97 79 85 
86 96 80 
100 90 73 
82 97 84 
94 82 92 
91 86 91 
92 86 91 
79 91 100 
94 86 91 
99 93 80 
90 82 100 
92 91 95 
93 98 88 
92 93 98 
92 100 100 
100 98 99 
