22 10 33 
72 23 28 
34 52 19 
63 72 24 
72 61 3 
84 75 75 
11 29 18 
98 44 2 
92 50 78 
44 19 3 
89 22 73 
28 60 1 
81 1 58 
12 10 72 
33 24 55 
80 99 71 
37 7 23 
19 74 31 
38 14 38 
80 65 96 
75 28 22 
68 84 3 
91 88 63 
10 90 65 
93 8 35 
68 18 73 
56 48 77 
59 79 24 
47 46 82 
76 3 43 
40 52 55 
13 28 93 
93 97 23 
41 45 28 
63 90 44 
51 59 34 
98 6 35 
98 14 50 
64 21 86 
75 46 73 
22 46 61 
13 57 60 
90 2 83 
75 7 28 
66 41 50 
3 52 16 
64 8 99 
5 21 6 
28 70 24 
83 94 74 
20 88 31 
42 47 96 
53 3 16 
25 55 56 
8 24 23 
3 94 53 
92 16 31 
76 9 49 
96 67 4 
16 39 36 
21 63 34 
5 71 55 
96 59 37 
73 18 37 
7 42 34 
51 72 93 
74 87 68 
11 31 11 
27 22 82 
85 77 71 
100 13 93 
35 35 5 
84 73 60 
71 3 46 
8 67 30 
85 36 40 
97 47 96 
86 36 56 
53 37 18 
100 93 41 
55 93 76 
2 11 28 
38 39 41 
11 16 32 
12 7 78 
1 88 19 
6 74 33 
85 70 77 
17 12 28 
54 90 20 
55 54 54 
46 10 91 
35 92 49 
96 79 17 
80 38 44 
50 48 31 
50 6 1 
34 17 51 
30 76 94 
90 37 18 
67 96 34 
49 35 24 
91 99 21 
94 14 51 
43 69 31 
57 63 9 
2 84 30 
58 29 48 
33 6 67 
76 71 7 
7 93 17 
26 92 29 
13 73 19 
64 12 74 
