20 24 2 
46 25 28 
52 38 13 
97 63 21 
24 86 31 
66 56 73 
69 47 88 
23 91 81 
88 17 70 
6 13 30 
70 19 44 
94 87 91 
38 12 84 
56 44 9 
81 83 46 
17 41 48 
41 57 30 
67 48 92 
70 50 26 
87 14 51 
45 47 99 
44 58 87 
93 86 1 
72 24 2 
94 34 63 
97 70 95 
29 51 78 
89 87 72 
90 91 100 
54 37 54 
57 51 22 
14 36 23 
34 93 97 
76 31 11 
91 13 11 
83 43 17 
4 36 54 
58 73 10 
16 45 50 
72 17 74 
57 46 41 
73 7 99 
61 38 17 
90 76 38 
64 67 9 
19 65 70 
9 40 31 
83 81 90 
86 24 10 
62 72 20 
69 83 96 
60 59 84 
60 21 65 
97 13 87 
14 2 13 
45 6 93 
75 57 36 
80 51 89 
20 76 13 
52 93 42 
37 92 38 
51 10 49 
80 91 96 
9 8 46 
64 70 40 
88 46 88 
95 95 46 
89 75 68 
60 94 56 
80 7 32 
64 75 87 
40 100 72 
46 68 22 
50 74 96 
2 88 86 
2 84 69 
35 87 63 
12 3 55 
25 15 66 
87 94 50 
8 17 77 
96 97 99 
23 31 15 
94 7 94 
25 9 77 
12 77 27 
52 43 12 
2 6 99 
7 78 55 
74 30 10 
45 17 85 
78 34 13 
87 50 37 
43 78 7 
3 5 18 
44 58 15 
22 29 92 
91 56 27 
46 17 86 
55 61 30 
93 6 22 
73 39 97 
53 48 30 
71 32 41 
91 76 13 
92 57 5 
11 4 41 
99 95 99 
11 44 18 
87 1 77 
24 97 28 
29 19 80 
45 63 74 
70 29 41 
65 36 68 
45 6 35 
1 81 63 
100 3 26 
30 4 37 
44 62 64 
90 62 84 
6 31 89 
38 69 11 
44 28 11 
58 24 65 
60 95 33 
81 90 83 
6 77 50 
58 21 65 
2 93 19 
6 33 59 
91 92 96 
2 61 65 
21 1 95 
88 23 35 
4 86 18 
63 81 67 
13 91 66 
91 66 48 
73 11 1 
36 6 30 
1 63 91 
40 21 28 
2 98 10 
20 33 49 
82 89 26 
70 29 25 
61 15 48 
37 4 67 
9 49 38 
88 29 50 
31 10 85 
51 8 65 
43 51 30 
72 80 31 
34 4 16 
88 20 95 
46 19 36 
90 47 93 
47 95 30 
19 19 81 
46 67 24 
82 71 18 
70 79 7 
25 59 18 
85 2 17 
1 37 83 
72 35 52 
31 79 47 
98 6 90 
10 37 72 
37 82 52 
54 99 38 
2 80 59 
45 45 2 
47 58 8 
70 91 34 
5 72 29 
89 43 4 
86 59 72 
94 82 100 
15 20 76 
58 94 53 
82 98 59 
85 1 76 
42 7 36 
53 81 17 
3 50 68 
47 3 30 
11 87 62 
61 19 3 
15 25 91 
7 77 53 
12 28 35 
34 31 61 
21 53 53 
70 24 52 
93 80 22 
47 2 83 
29 43 43 
17 42 25 
14 44 78 
74 45 63 
13 64 32 
91 79 65 
79 43 28 
7 19 39 
83 31 34 
14 40 100 
92 86 76 
84 33 66 
82 63 24 
18 39 80 
74 44 34 
96 65 99 
58 54 64 
56 26 57 
80 58 84 
93 39 51 
37 64 5 
57 69 22 
45 99 78 
21 96 15 
28 19 53 
26 32 6 
31 96 53 
50 20 6 
61 57 39 
31 9 67 
86 6 61 
17 94 30 
23 9 67 
63 78 41 
47 33 47 
93 80 8 
43 70 67 
95 8 20 
13 27 75 
48 80 15 
23 72 53 
28 37 70 
10 75 63 
3 63 36 
39 97 3 
100 24 35 
1 83 88 
45 40 75 
91 48 5 
16 23 79 
76 5 97 
49 30 37 
84 59 49 
95 93 95 
9 56 87 
11 72 38 
60 11 6 
83 62 1 
55 68 13 
64 1 16 
1 28 22 
25 48 14 
79 33 89 
64 60 95 
92 43 29 
96 48 97 
12 93 71 
9 17 72 
97 16 87 
87 34 61 
17 46 66 
77 26 83 
40 82 89 
40 22 85 
74 97 77 
51 70 28 
25 41 62 
12 97 44 
63 89 89 
32 48 63 
64 26 61 
85 92 13 
53 64 93 
37 100 93 
15 86 48 
35 40 68 
70 64 90 
21 55 52 
29 77 8 
83 90 31 
23 68 13 
84 37 2 
93 47 82 
79 62 88 
56 81 34 
63 65 80 
92 26 91 
48 35 47 
37 55 28 
99 80 34 
56 19 52 
42 49 58 
73 37 20 
13 86 33 
67 91 73 
100 12 92 
21 13 30 
48 54 27 
84 46 88 
23 98 59 
99 78 84 
74 5 18 
90 61 57 
94 72 14 
96 24 46 
45 47 66 
78 5 17 
9 82 95 
83 6 98 
65 22 84 
2 33 65 
71 77 74 
48 83 90 
32 60 56 
92 21 61 
10 13 71 
38 22 95 
82 5 92 
47 90 7 
61 16 30 
66 96 81 
68 73 48 
62 57 17 
53 1 65 
16 88 13 
16 80 26 
32 4 10 
69 43 91 
83 26 30 
13 16 7 
34 12 97 
89 22 20 
29 74 1 
37 71 81 
41 24 11 
6 56 70 
73 49 93 
64 78 83 
6 32 73 
92 31 98 
30 90 96 
51 21 62 
34 82 88 
97 74 40 
10 69 88 
18 35 66 
58 31 49 
30 66 53 
100 12 72 
26 35 57 
41 74 75 
36 98 86 
66 48 1 
77 41 29 
59 1 18 
75 70 47 
38 99 70 
94 91 57 
7 56 70 
52 69 11 
40 61 89 
36 54 6 
56 51 27 
41 63 74 
89 38 77 
20 81 19 
33 2 77 
39 79 33 
96 50 26 
64 17 10 
70 44 20 
5 23 85 
91 79 66 
61 36 55 
15 49 64 
75 81 44 
100 75 23 
7 68 16 
92 11 71 
26 13 95 
1 43 30 
41 20 8 
22 12 21 
37 89 36 
42 17 42 
61 7 45 
74 59 65 
41 80 3 
63 83 50 
40 8 51 
44 25 11 
31 4 39 
71 26 87 
51 58 62 
88 48 16 
16 71 55 
32 76 52 
40 31 57 
25 22 50 
51 62 56 
100 24 73 
67 57 86 
38 84 37 
55 86 66 
72 51 75 
5 94 83 
87 50 36 
75 31 19 
39 73 62 
51 53 82 
13 3 22 
62 58 24 
31 24 36 
45 79 40 
70 26 40 
92 10 23 
65 6 50 
10 74 88 
79 72 4 
67 31 95 
48 10 25 
45 26 11 
83 41 51 
48 8 71 
12 92 60 
86 98 49 
77 22 16 
57 55 69 
8 45 29 
59 51 54 
23 29 82 
88 76 62 
53 30 57 
42 64 87 
95 88 69 
3 51 79 
30 73 97 
14 16 33 
96 56 5 
3 19 96 
55 46 43 
98 81 20 
93 34 87 
55 12 26 
50 81 74 
70 41 1 
88 13 100 
45 16 15 
96 57 30 
98 60 82 
63 75 36 
56 78 93 
19 93 64 
29 35 51 
68 13 68 
86 84 43 
69 23 99 
11 60 77 
36 49 49 
65 80 80 
27 41 56 
52 59 55 
86 39 2 
65 82 96 
9 68 52 
74 92 8 
37 99 76 
84 53 39 
32 84 5 
19 56 41 
83 97 70 
73 56 93 
58 90 17 
20 23 20 
88 37 97 
45 23 2 
23 54 64 
94 77 71 
68 65 58 
59 4 16 
43 73 8 
19 63 37 
79 97 48 
44 39 11 
81 72 99 
54 11 34 
12 71 73 
21 37 4 
98 48 95 
10 64 80 
84 42 60 
77 12 69 
75 32 86 
95 25 13 
33 24 17 
79 54 54 
3 1 71 
47 83 20 
59 48 71 
91 5 22 
92 6 82 
33 10 68 
74 95 36 
32 31 92 
24 32 90 
81 77 73 
41 29 55 
42 74 92 
8 95 97 
15 76 21 
63 25 68 
69 15 54 
81 59 3 
89 51 83 
72 23 1 
39 47 19 
39 58 44 
97 22 44 
62 84 70 
34 41 71 
70 82 28 
95 29 10 
1 24 73 
62 90 71 
88 79 80 
89 56 79 
48 74 40 
43 39 67 
29 56 70 
33 39 33 
49 60 88 
30 49 56 
27 87 2 
40 95 37 
76 1 19 
74 58 53 
54 63 20 
2 83 46 
54 69 63 
42 78 20 
52 85 11 
97 54 8 
81 36 42 
2 69 65 
38 67 92 
46 75 100 
96 40 38 
84 56 14 
22 85 5 
50 92 49 
3 85 37 
61 70 82 
65 33 62 
31 53 38 
69 39 10 
4 55 36 
85 11 17 
93 32 62 
71 100 95 
23 61 39 
20 34 57 
68 49 12 
2 79 36 
24 96 100 
13 15 64 
99 56 13 
97 21 25 
8 89 64 
100 84 34 
14 15 76 
88 31 28 
85 51 73 
14 28 2 
77 7 35 
52 45 2 
1 1 32 
30 38 45 
11 11 28 
100 30 95 
11 28 46 
62 24 11 
70 47 13 
6 60 98 
45 28 68 
78 75 74 
36 28 8 
75 59 70 
31 35 76 
51 94 69 
42 92 51 
22 70 96 
48 74 29 
13 75 25 
85 30 29 
3 47 50 
55 45 79 
30 29 56 
51 20 51 
28 25 80 
57 14 89 
79 91 83 
60 4 10 
89 75 75 
7 65 55 
82 93 27 
42 82 49 
21 96 66 
59 27 61 
22 55 60 
46 23 43 
38 46 57 
88 44 90 
79 100 9 
29 52 56 
61 28 77 
62 100 6 
14 34 75 
36 98 17 
80 52 6 
47 30 79 
76 84 5 
17 89 30 
68 53 33 
61 32 62 
64 31 58 
34 52 47 
34 94 66 
5 47 87 
66 1 90 
92 24 34 
55 84 15 
46 63 7 
91 92 100 
17 82 49 
71 47 15 
7 100 39 
75 28 9 
2 91 71 
8 93 80 
86 47 90 
70 93 82 
9 83 23 
56 75 52 
83 39 90 
25 4 23 
79 46 58 
25 85 42 
49 45 91 
40 56 87 
10 6 57 
46 89 78 
32 19 54 
97 45 44 
86 82 70 
42 80 96 
78 26 62 
20 57 56 
13 69 70 
66 64 62 
48 3 50 
58 32 47 
21 15 14 
56 22 41 
62 47 31 
83 99 29 
62 5 100 
38 21 1 
87 55 19 
15 76 56 
94 51 58 
17 48 78 
41 6 55 
41 88 54 
23 11 9 
69 54 51 
92 91 94 
93 61 61 
7 77 86 
78 43 97 
93 23 92 
69 54 88 
6 54 70 
3 54 37 
25 68 59 
19 14 74 
32 8 89 
96 78 43 
36 57 56 
33 87 42 
37 91 75 
75 31 32 
30 45 18 
100 17 54 
47 10 54 
63 79 84 
17 50 88 
68 27 93 
84 57 75 
76 73 48 
2 31 17 
25 77 52 
18 6 76 
67 46 46 
17 75 25 
16 7 78 
100 87 75 
34 31 10 
98 58 10 
65 85 84 
14 50 94 
28 6 91 
71 67 97 
33 13 71 
84 21 82 
6 81 60 
80 71 44 
20 59 8 
36 59 58 
54 9 68 
11 43 69 
28 8 86 
90 80 25 
10 85 56 
100 68 89 
25 13 19 
70 16 72 
66 4 79 
8 21 19 
69 6 22 
6 70 35 
87 73 41 
75 56 72 
69 39 42 
9 27 66 
35 89 50 
44 62 92 
58 68 96 
24 11 28 
29 77 58 
63 33 63 
18 11 59 
63 61 68 
31 3 66 
2 27 85 
15 27 72 
36 87 17 
100 28 94 
95 16 100 
77 78 45 
37 93 28 
32 65 66 
65 94 29 
12 7 78 
96 86 80 
90 14 39 
6 6 94 
37 35 35 
13 26 98 
95 91 37 
11 31 16 
83 90 38 
75 60 39 
2 59 63 
95 90 71 
19 99 1 
52 11 52 
29 59 16 
18 80 44 
84 73 9 
31 55 57 
88 89 79 
93 32 27 
69 96 58 
63 93 62 
30 89 27 
58 22 38 
59 65 62 
83 36 2 
51 8 27 
95 65 15 
51 5 37 
72 65 73 
1 36 96 
65 42 12 
7 81 95 
96 43 13 
95 24 92 
52 21 69 
53 3 17 
93 76 74 
84 38 48 
32 52 62 
65 57 34 
77 11 52 
25 31 11 
59 68 37 
39 17 97 
54 1 14 
97 23 46 
62 84 28 
5 79 5 
53 67 73 
23 87 44 
74 54 16 
16 47 21 
86 11 82 
86 63 2 
24 61 25 
18 91 54 
71 48 85 
65 52 72 
17 4 25 
44 92 96 
21 73 15 
10 91 8 
80 73 57 
50 83 16 
52 78 88 
37 13 44 
98 78 47 
55 62 37 
66 49 66 
43 80 7 
97 65 2 
80 73 18 
76 51 89 
53 94 65 
97 67 35 
21 43 27 
41 82 32 
90 25 55 
96 98 5 
46 54 3 
59 52 57 
52 14 78 
40 85 29 
48 85 9 
44 14 1 
35 27 16 
71 18 93 
8 84 77 
42 67 99 
54 45 49 
31 30 46 
18 2 55 
84 21 3 
55 7 81 
60 69 76 
87 99 23 
26 54 39 
81 77 30 
16 68 62 
17 51 43 
43 73 23 
64 69 14 
86 49 80 
88 67 93 
10 88 26 
85 48 59 
58 39 54 
25 88 70 
38 85 61 
2 5 59 
69 15 46 
47 43 45 
64 48 83 
33 79 92 
88 51 58 
78 16 93 
64 71 31 
40 16 67 
92 83 16 
44 2 8 
67 29 7 
76 39 61 
50 91 19 
43 39 37 
84 75 61 
12 23 10 
29 65 15 
38 26 82 
9 97 16 
34 50 27 
21 57 56 
29 55 44 
13 9 9 
97 69 81 
62 80 63 
75 72 16 
64 74 92 
65 85 20 
58 68 51 
23 41 82 
40 95 23 
63 39 97 
8 77 25 
11 28 29 
84 12 58 
41 45 31 
18 37 75 
40 7 9 
19 41 64 
67 99 57 
30 3 90 
99 40 98 
66 39 50 
61 65 1 
18 67 10 
97 80 58 
70 44 78 
4 47 93 
61 33 56 
70 44 62 
85 94 31 
96 70 3 
95 83 84 
80 9 7 
84 13 48 
88 93 20 
49 26 52 
40 14 83 
79 45 91 
38 36 22 
53 42 12 
11 12 35 
53 59 17 
62 44 39 
73 18 19 
46 65 88 
47 76 36 
93 66 6 
6 98 56 
36 95 66 
64 53 28 
2 54 72 
73 15 69 
12 97 66 
43 23 7 
28 68 44 
7 50 81 
99 88 55 
69 42 80 
100 39 61 
87 18 3 
80 72 91 
2 33 7 
28 93 21 
48 7 49 
23 13 84 
87 64 84 
2 11 31 
51 88 59 
57 74 38 
2 81 37 
62 70 90 
75 80 87 
97 21 90 
42 26 66 
26 31 16 
37 66 59 
89 4 21 
61 9 85 
84 68 30 
80 84 86 
64 23 59 
64 87 15 
10 51 85 
70 65 15 
12 82 55 
51 90 82 
98 12 55 
72 75 75 
40 80 74 
94 65 87 
40 79 10 
12 83 86 
23 72 80 
68 10 48 
17 72 6 
38 77 26 
72 68 51 
95 47 72 
59 1 78 
14 56 63 
2 51 21 
65 94 32 
39 10 55 
83 55 35 
77 86 98 
34 20 67 
17 51 12 
19 31 47 
19 20 74 
50 5 61 
61 31 34 
60 97 64 
74 8 44 
39 46 20 
55 61 41 
61 12 1 
82 76 30 
32 92 44 
53 33 93 
63 47 64 
58 43 14 
17 24 17 
32 35 80 
78 100 95 
44 87 67 
16 24 55 
79 91 61 
35 57 88 
85 17 17 
71 17 2 
51 14 61 
35 49 77 
76 47 75 
68 41 52 
21 70 57 
35 67 97 
92 46 7 
74 28 41 
89 54 19 
36 3 84 
57 93 49 
15 97 97 
11 56 7 
98 38 78 
88 65 65 
48 46 57 
28 23 14 
24 20 38 
63 69 43 
24 65 72 
35 78 51 
79 6 100 
52 33 60 
82 84 57 
36 56 95 
93 18 38 
62 24 94 
28 53 99 
54 66 50 
80 42 24 
93 17 45 
1 55 5 
65 86 24 
16 60 41 
47 93 22 
27 40 28 
62 76 21 
70 12 75 
52 98 94 
18 58 22 
83 76 89 
67 17 29 
19 18 95 
87 74 24 
31 95 44 
45 63 84 
4 82 39 
88 56 16 
7 47 54 
21 42 91 
30 86 17 
6 62 39 
92 95 97 
87 51 12 
85 79 22 
68 76 31 
71 49 67 
71 56 40 
54 45 78 
86 4 13 
19 88 86 
53 1 31 
43 43 64 
71 8 64 
58 69 19 
64 59 38 
78 56 47 
79 48 84 
44 72 39 
7 29 50 
58 96 37 
90 43 7 
51 47 74 
29 90 95 
44 16 56 
62 62 3 
63 8 26 
63 83 58 
16 4 93 
83 68 27 
82 65 56 
52 89 19 
60 19 58 
42 57 80 
10 46 22 
49 60 22 
95 76 79 
43 25 98 
58 10 4 
91 94 1 
39 60 58 
89 45 20 
17 42 77 
70 74 60 
65 95 68 
45 37 48 
10 51 86 
36 85 81 
14 42 53 
50 77 69 
26 95 6 
23 4 39 
90 100 78 
41 99 84 
88 84 46 
21 29 98 
13 68 43 
44 51 25 
26 38 17 
50 88 48 
6 98 67 
36 1 92 
90 63 23 
68 81 12 
16 36 100 
44 11 47 
67 68 86 
83 95 60 
17 25 55 
81 62 51 
21 19 54 
22 76 93 
22 59 84 
85 68 44 
52 27 70 
95 5 14 
78 82 19 
64 17 78 
45 48 65 
71 46 62 
82 21 47 
50 8 98 
97 17 23 
35 15 41 
29 80 65 
83 53 85 
92 96 1 
75 2 70 
13 32 6 
57 47 43 
97 62 76 
44 92 46 
29 44 66 
28 79 32 
14 31 81 
41 46 4 
99 65 60 
100 49 17 
82 88 26 
98 13 85 
91 21 78 
88 44 19 
52 100 53 
82 7 83 
79 48 26 
78 85 10 
33 89 82 
92 73 56 
69 44 32 
52 77 60 
39 41 4 
26 15 92 
38 47 40 
46 99 31 
84 41 21 
97 15 100 
61 95 96 
14 77 61 
65 14 15 
80 85 50 
45 25 15 
97 32 4 
34 99 51 
99 72 21 
80 59 17 
67 79 15 
84 67 13 
92 9 67 
89 2 61 
87 37 53 
3 100 86 
82 38 57 
69 73 97 
25 42 36 
63 37 77 
35 30 84 
53 96 93 
45 96 5 
43 49 48 
77 96 83 
96 27 16 
97 20 67 
75 21 7 
99 75 40 
8 54 53 
86 64 29 
15 53 65 
70 95 76 
59 50 41 
64 24 70 
68 62 12 
78 48 26 
28 95 94 
16 44 25 
79 82 72 
14 20 21 
67 47 71 
31 28 67 
21 16 75 
56 78 97 
66 36 35 
19 50 57 
2 53 17 
61 22 28 
77 98 90 
41 78 62 
19 100 90 
63 14 64 
70 74 13 
94 26 89 
6 16 98 
47 2 99 
44 48 31 
49 77 79 
89 5 15 
85 100 44 
9 82 55 
74 59 18 
54 26 38 
86 25 99 
60 22 4 
4 65 45 
19 60 73 
20 87 71 
98 35 76 
44 98 69 
19 99 78 
47 87 26 
30 16 47 
21 56 4 
47 53 13 
75 96 19 
43 70 3 
73 90 57 
30 56 14 
68 50 80 
13 48 65 
63 43 36 
63 86 85 
86 49 86 
44 8 86 
41 12 36 
57 100 17 
65 21 79 
66 59 48 
37 23 83 
35 26 1 
60 15 78 
9 74 40 
71 79 98 
67 28 27 
96 94 46 
17 29 9 
99 77 82 
9 85 89 
94 92 21 
100 10 72 
42 89 22 
92 50 76 
72 13 4 
6 100 50 
30 51 23 
8 66 1 
78 26 36 
32 50 40 
92 25 10 
7 68 16 
97 7 76 
58 67 26 
58 9 58 
82 91 38 
10 18 90 
21 6 11 
58 64 15 
92 88 87 
100 5 72 
4 75 37 
74 1 94 
38 11 75 
85 75 82 
46 73 4 
48 4 75 
31 72 45 
59 19 77 
89 87 13 
21 92 52 
92 53 86 
5 66 51 
26 52 97 
52 37 85 
60 58 89 
44 93 28 
52 91 69 
90 100 66 
92 76 64 
100 55 85 
25 59 69 
74 88 43 
81 15 11 
76 26 94 
7 51 13 
2 80 16 
59 39 97 
93 87 49 
48 73 11 
55 18 64 
28 79 72 
68 21 4 
49 51 27 
83 8 100 
39 58 62 
10 33 34 
53 84 34 
21 8 55 
30 50 46 
15 83 21 
63 80 10 
83 58 40 
83 14 62 
31 44 93 
25 36 3 
40 89 68 
65 87 78 
64 88 73 
88 95 22 
8 83 73 
60 7 18 
77 37 37 
60 22 95 
13 22 24 
68 79 5 
78 23 31 
5 76 74 
24 81 73 
51 16 14 
10 79 39 
53 1 39 
81 48 29 
83 1 33 
39 85 57 
18 39 43 
32 2 85 
93 12 98 
81 5 81 
48 94 98 
74 5 12 
80 15 94 
95 79 35 
20 89 34 
72 64 89 
82 1 26 
34 80 32 
19 10 51 
51 63 81 
37 2 69 
100 58 42 
26 77 62 
72 84 30 
44 56 63 
97 35 93 
87 11 57 
82 85 14 
80 28 76 
31 53 39 
4 54 53 
35 2 70 
77 1 80 
21 46 98 
49 82 10 
68 24 92 
58 67 88 
46 87 96 
7 71 19 
50 13 8 
37 13 31 
50 80 56 
37 4 61 
2 88 20 
97 78 39 
79 6 21 
56 28 43 
4 45 69 
58 59 38 
61 13 12 
66 32 21 
1 65 39 
43 66 77 
87 30 71 
1 62 54 
50 24 39 
15 45 10 
8 81 27 
33 29 84 
98 67 59 
29 32 56 
83 92 58 
100 46 66 
32 6 2 
74 34 52 
47 83 36 
94 3 5 
48 7 43 
93 9 4 
56 76 41 
40 95 13 
76 25 65 
14 53 72 
83 96 65 
99 34 95 
35 33 14 
25 87 83 
49 33 32 
15 91 67 
76 37 57 
47 42 61 
91 63 39 
94 36 92 
10 64 42 
3 19 58 
78 8 59 
82 69 48 
71 90 96 
57 95 9 
82 91 42 
54 57 48 
27 97 21 
11 50 83 
21 97 4 
9 87 13 
90 30 98 
2 38 30 
86 88 73 
42 1 99 
73 21 61 
84 85 6 
11 43 100 
41 83 75 
47 76 86 
97 48 82 
17 75 24 
7 75 67 
28 51 19 
29 3 97 
27 91 47 
8 53 32 
47 41 60 
32 19 4 
71 89 48 
10 42 57 
90 80 18 
96 42 17 
60 53 16 
38 22 38 
67 18 14 
28 85 66 
36 21 95 
75 79 40 
18 27 95 
23 31 15 
34 84 17 
14 96 62 
77 84 66 
20 95 26 
40 80 20 
73 43 25 
31 78 3 
28 54 56 
36 97 61 
29 4 34 
42 84 85 
98 42 97 
97 51 92 
44 24 74 
72 83 13 
95 58 26 
58 53 92 
40 74 92 
74 64 72 
86 37 95 
62 85 52 
58 72 47 
56 8 83 
36 43 17 
19 57 32 
22 29 98 
57 16 1 
85 89 26 
96 11 44 
79 26 76 
86 41 17 
19 65 87 
49 96 89 
28 39 21 
74 75 81 
60 59 47 
24 87 89 
89 94 39 
22 37 95 
71 65 69 
87 77 64 
50 85 87 
70 88 15 
8 55 17 
14 14 45 
54 85 43 
40 85 98 
44 46 88 
25 58 62 
79 62 33 
44 94 42 
84 54 14 
69 82 9 
94 3 59 
90 58 22 
98 84 26 
24 43 80 
29 90 74 
33 73 77 
50 38 28 
48 69 13 
38 43 25 
53 42 95 
88 44 27 
44 85 47 
99 64 74 
92 67 57 
55 71 14 
90 93 69 
44 94 16 
89 40 39 
94 24 53 
35 85 93 
86 73 73 
18 93 91 
15 18 9 
91 54 64 
69 81 31 
40 97 16 
56 22 73 
65 75 8 
65 93 54 
49 91 33 
39 65 37 
9 44 27 
54 6 84 
99 68 41 
86 100 52 
18 52 77 
57 22 89 
76 76 81 
3 15 82 
51 63 21 
20 74 91 
14 71 93 
62 95 96 
76 40 65 
87 57 69 
4 52 47 
92 23 35 
94 38 3 
61 43 33 
2 53 9 
38 78 65 
21 21 23 
29 22 59 
94 33 30 
84 17 19 
51 53 16 
50 73 37 
5 67 29 
55 63 80 
22 95 68 
82 79 35 
2 60 26 
14 54 11 
1 63 77 
35 39 27 
98 75 30 
32 68 64 
55 15 73 
48 75 90 
1 6 74 
67 86 18 
45 33 96 
18 18 77 
40 52 48 
25 2 1 
64 61 65 
96 23 67 
37 19 82 
60 71 26 
20 94 27 
65 12 53 
39 96 63 
29 16 95 
72 74 96 
65 12 67 
19 14 40 
39 98 41 
31 53 21 
79 37 70 
41 98 68 
6 95 42 
75 27 52 
61 53 63 
2 40 25 
38 52 17 
20 59 55 
32 55 3 
61 55 4 
72 54 45 
64 48 29 
76 51 55 
12 41 64 
3 37 61 
47 67 91 
91 12 27 
73 17 62 
38 46 54 
78 91 37 
21 15 82 
63 55 48 
47 43 43 
37 33 98 
71 14 88 
38 95 64 
89 89 34 
10 39 22 
36 73 99 
80 100 8 
91 42 92 
100 48 84 
87 56 38 
65 7 61 
15 82 70 
33 75 42 
95 98 96 
42 79 41 
14 52 51 
68 72 49 
82 42 49 
34 99 47 
2 97 91 
69 41 89 
73 17 94 
22 95 98 
2 73 67 
91 49 37 
59 84 19 
47 54 1 
79 74 51 
55 55 11 
43 48 99 
55 97 30 
24 95 73 
15 83 100 
11 40 95 
81 32 92 
44 10 7 
48 1 83 
92 30 69 
74 61 47 
20 18 11 
55 65 88 
11 55 64 
96 46 97 
67 22 52 
96 58 32 
32 41 5 
13 33 12 
27 39 81 
29 98 96 
63 75 29 
18 84 91 
10 2 99 
41 75 92 
57 21 77 
30 3 17 
13 15 43 
3 19 94 
99 61 46 
44 42 12 
18 42 37 
6 32 100 
54 30 63 
96 95 59 
8 15 45 
52 60 39 
29 11 90 
49 56 40 
68 58 40 
97 92 5 
6 96 20 
48 83 49 
23 76 48 
66 63 30 
93 70 52 
100 55 38 
83 34 88 
19 12 87 
88 97 30 
100 23 7 
88 23 2 
77 89 60 
53 39 2 
69 58 53 
4 64 79 
9 25 64 
22 59 63 
77 50 16 
72 49 46 
57 58 3 
18 32 10 
54 58 39 
65 87 3 
49 59 72 
13 53 64 
91 47 36 
98 79 67 
31 96 41 
17 91 60 
30 23 18 
75 61 36 
7 63 37 
37 38 52 
18 21 13 
28 93 77 
75 80 85 
28 44 71 
8 53 94 
73 3 83 
59 98 91 
87 23 59 
25 48 5 
86 97 84 
13 89 80 
39 66 72 
59 33 43 
40 64 30 
76 85 12 
57 43 100 
42 43 100 
50 40 21 
99 32 16 
68 97 35 
82 62 70 
85 69 9 
45 55 67 
38 57 35 
3 92 85 
66 46 99 
28 3 18 
8 75 50 
68 49 20 
55 8 3 
15 47 35 
44 44 44 
1 20 28 
10 49 59 
65 39 58 
80 66 28 
63 26 76 
87 63 8 
27 68 60 
8 72 16 
91 89 36 
32 81 45 
34 18 56 
86 7 72 
12 49 39 
66 53 13 
39 99 7 
26 58 27 
26 34 57 
67 28 97 
68 10 95 
69 63 100 
44 14 25 
39 90 100 
53 13 9 
43 71 45 
20 63 37 
6 62 84 
95 13 93 
13 28 19 
83 5 4 
46 2 29 
28 47 15 
10 18 30 
72 86 94 
54 100 30 
100 95 52 
10 87 25 
3 56 7 
79 70 91 
53 13 98 
80 57 29 
47 68 44 
35 7 50 
47 68 1 
65 47 54 
100 73 84 
18 63 58 
82 100 87 
57 31 42 
83 23 51 
12 12 93 
29 40 31 
66 87 58 
40 17 77 
97 56 87 
23 49 50 
41 41 8 
55 51 21 
87 5 3 
5 62 38 
37 54 92 
31 49 44 
2 16 3 
8 7 5 
68 68 1 
72 69 62 
71 89 73 
77 22 99 
1 73 43 
22 79 10 
75 46 13 
67 62 76 
27 20 45 
83 15 39 
47 39 90 
64 80 26 
84 13 85 
7 86 90 
4 67 24 
4 95 26 
49 41 80 
72 67 73 
88 6 84 
16 15 69 
6 76 97 
66 92 17 
41 35 30 
44 38 9 
48 29 86 
35 44 53 
76 72 32 
20 22 34 
2 16 5 
23 71 84 
2 1 44 
12 1 29 
70 30 41 
100 96 61 
74 6 30 
50 47 32 
29 89 72 
69 9 82 
65 42 36 
57 90 100 
85 11 95 
47 61 83 
31 65 95 
37 80 43 
27 54 37 
12 56 33 
24 96 15 
87 29 37 
59 34 53 
10 76 64 
69 61 53 
62 65 39 
45 16 47 
65 71 37 
57 62 81 
51 60 16 
11 22 5 
13 18 92 
46 84 31 
58 34 88 
62 31 76 
9 28 6 
5 5 77 
59 18 71 
27 21 38 
80 68 35 
38 82 95 
85 10 82 
14 22 56 
57 16 44 
47 7 38 
72 14 77 
9 53 32 
98 67 48 
87 44 11 
82 17 53 
99 98 91 
41 39 85 
19 59 19 
40 94 32 
87 30 97 
72 65 99 
52 100 21 
64 67 8 
28 52 95 
55 38 29 
91 17 73 
77 100 78 
31 52 19 
64 37 55 
76 59 84 
2 16 57 
65 75 84 
47 67 39 
93 93 60 
7 5 74 
85 88 96 
57 100 43 
36 76 37 
52 11 70 
5 30 38 
88 38 21 
35 27 27 
4 65 2 
40 98 77 
84 60 92 
33 74 23 
36 87 59 
70 85 27 
72 22 95 
35 83 57 
82 45 27 
77 91 84 
99 75 35 
67 93 72 
25 86 49 
42 79 75 
98 69 1 
42 77 85 
14 46 94 
5 63 42 
65 82 38 
20 18 14 
60 41 100 
89 11 67 
39 66 88 
57 48 51 
25 3 96 
18 39 99 
6 40 86 
95 5 23 
17 62 11 
13 34 75 
79 85 80 
79 18 65 
37 28 52 
38 2 14 
42 16 5 
94 53 35 
93 71 86 
51 94 76 
26 47 14 
85 44 92 
7 78 94 
53 74 54 
29 20 84 
98 90 33 
17 88 85 
99 11 23 
56 83 25 
61 41 89 
69 85 17 
66 56 12 
19 25 96 
18 53 66 
72 89 81 
8 12 81 
63 3 56 
81 23 1 
12 67 51 
67 66 27 
36 20 12 
44 74 3 
35 63 77 
70 34 46 
26 93 64 
42 99 74 
94 30 52 
51 82 47 
91 3 27 
40 23 10 
55 3 17 
83 14 79 
12 64 49 
41 67 52 
32 70 13 
98 100 83 
53 47 77 
8 24 2 
96 39 93 
91 1 60 
79 93 97 
98 30 82 
35 13 51 
5 93 88 
78 72 30 
95 23 44 
78 57 97 
61 82 79 
72 75 34 
57 41 67 
97 94 60 
80 1 16 
58 81 56 
19 21 55 
63 54 61 
33 17 32 
64 52 76 
40 54 86 
68 60 32 
46 56 88 
87 49 48 
71 94 46 
81 60 53 
84 32 23 
88 34 42 
84 84 66 
84 17 16 
65 56 87 
44 20 83 
62 31 53 
75 5 52 
23 16 42 
25 11 6 
40 75 43 
40 83 49 
29 80 21 
91 77 40 
22 30 28 
23 39 3 
5 52 85 
30 29 92 
56 86 40 
68 47 52 
12 56 66 
80 42 99 
63 43 40 
95 55 50 
80 100 44 
95 40 21 
100 32 99 
14 93 69 
69 70 13 
11 51 54 
82 15 77 
7 27 53 
1 65 21 
91 100 4 
60 85 17 
60 86 91 
42 54 26 
49 16 94 
67 75 79 
100 68 18 
10 98 76 
28 53 7 
55 20 20 
35 11 77 
89 56 17 
1 59 77 
44 45 93 
9 5 72 
74 27 70 
21 71 14 
28 87 28 
8 60 29 
80 8 1 
27 35 60 
40 28 58 
17 74 72 
81 86 19 
38 38 20 
72 96 67 
46 30 95 
70 95 58 
47 84 29 
46 22 3 
81 26 53 
62 97 40 
97 4 68 
98 44 45 
28 26 17 
97 94 28 
9 45 17 
24 72 83 
81 78 24 
72 76 66 
85 54 24 
34 98 65 
1 84 12 
14 9 11 
88 26 14 
97 39 57 
70 1 47 
62 31 42 
89 79 58 
60 52 83 
62 53 56 
56 59 25 
54 96 57 
87 96 32 
67 7 12 
68 92 60 
88 42 18 
47 94 29 
1 7 30 
58 55 76 
65 61 42 
22 19 54 
96 91 94 
12 60 89 
70 28 20 
75 93 27 
19 88 68 
17 72 49 
63 46 9 
48 18 11 
32 41 89 
78 21 78 
88 75 93 
35 96 83 
26 23 37 
16 63 91 
45 39 14 
4 62 34 
57 1 24 
84 11 7 
54 70 61 
8 91 18 
66 43 33 
88 3 78 
94 54 7 
24 35 84 
91 10 82 
84 26 100 
83 60 97 
53 27 45 
90 6 18 
64 50 73 
99 45 33 
75 54 25 
54 88 55 
54 89 4 
2 29 50 
33 47 65 
86 45 86 
91 76 34 
95 72 30 
100 85 41 
15 60 58 
39 3 1 
41 32 94 
9 31 13 
81 39 18 
86 70 36 
36 44 23 
69 100 8 
18 27 32 
85 68 34 
72 60 100 
84 86 48 
19 34 56 
44 55 88 
90 32 1 
66 56 80 
24 99 5 
80 7 58 
49 59 19 
38 6 20 
75 2 66 
54 85 30 
65 8 10 
76 67 79 
77 35 32 
100 4 76 
8 62 44 
14 58 34 
9 24 36 
83 63 1 
74 49 20 
83 93 58 
85 18 54 
51 39 81 
63 5 60 
96 18 51 
47 45 30 
69 82 44 
19 20 47 
73 15 29 
86 33 98 
44 57 45 
98 5 14 
36 13 5 
42 25 64 
43 35 32 
42 59 93 
89 33 77 
86 50 93 
91 85 15 
55 40 47 
41 4 69 
53 45 76 
74 62 100 
62 46 12 
66 42 69 
32 18 66 
42 67 61 
94 65 88 
84 47 87 
79 58 35 
41 92 11 
75 36 26 
54 21 46 
3 89 97 
90 92 70 
72 22 37 
60 49 50 
96 80 16 
26 40 34 
44 88 18 
48 45 8 
43 37 47 
69 32 60 
58 20 15 
12 39 33 
43 92 23 
54 27 76 
83 77 88 
46 77 91 
62 92 3 
46 73 51 
73 67 37 
60 20 28 
67 92 59 
57 67 89 
98 39 100 
41 27 31 
75 19 29 
61 68 92 
74 60 45 
77 21 89 
21 74 25 
97 42 40 
43 17 56 
4 35 37 
87 60 60 
65 11 27 
51 78 19 
21 5 92 
75 9 66 
26 71 30 
27 22 97 
25 39 92 
79 77 98 
88 71 62 
18 74 87 
24 44 45 
73 84 84 
37 96 81 
89 16 46 
25 51 13 
14 15 70 
39 26 17 
11 28 6 
66 75 61 
62 58 58 
23 19 3 
34 8 25 
16 41 4 
54 21 99 
96 36 49 
90 16 40 
28 20 61 
43 5 23 
70 71 13 
33 64 4 
38 61 70 
39 27 74 
95 20 33 
63 74 25 
83 49 68 
41 59 30 
48 67 80 
99 49 44 
33 49 50 
84 76 44 
42 70 76 
16 79 2 
96 53 68 
33 53 98 
96 4 56 
50 67 50 
77 4 92 
20 88 34 
1 98 93 
25 35 76 
67 48 61 
94 83 30 
68 74 64 
77 32 1 
43 34 50 
69 27 6 
23 94 31 
52 1 27 
76 5 54 
76 6 37 
45 59 88 
21 2 56 
32 16 26 
53 9 12 
72 3 75 
94 98 11 
26 30 95 
97 23 94 
67 72 88 
72 77 39 
67 11 33 
16 57 11 
46 90 5 
42 95 77 
65 89 62 
75 82 42 
23 57 43 
84 71 40 
35 49 73 
3 72 92 
44 34 96 
51 31 33 
43 39 39 
39 68 35 
63 36 33 
36 60 10 
15 60 15 
1 27 62 
3 59 18 
37 27 59 
67 59 45 
93 78 99 
46 64 82 
8 14 16 
57 89 21 
67 24 41 
44 87 50 
22 6 29 
74 31 67 
37 93 88 
78 94 6 
87 26 25 
92 97 31 
94 90 86 
80 71 2 
73 58 6 
73 64 4 
94 12 97 
13 54 31 
11 98 30 
78 80 49 
11 37 75 
69 53 26 
57 9 79 
22 53 67 
4 5 10 
41 21 19 
94 66 84 
84 44 60 
92 56 86 
50 55 59 
77 69 97 
100 47 37 
58 45 32 
9 35 24 
57 57 93 
57 90 99 
12 79 53 
24 16 90 
40 26 99 
31 76 90 
87 28 21 
70 82 66 
43 25 7 
35 66 10 
58 26 38 
96 73 15 
13 31 71 
81 7 13 
75 54 5 
63 95 33 
14 6 34 
67 90 67 
92 44 24 
79 96 50 
23 9 88 
40 25 6 
9 1 69 
38 74 29 
47 72 92 
49 42 36 
8 57 58 
7 73 30 
76 77 100 
50 84 58 
26 97 34 
81 53 84 
29 33 39 
41 28 59 
37 90 97 
67 84 57 
96 41 50 
9 86 87 
99 76 41 
51 66 84 
13 13 40 
1 32 19 
17 64 73 
79 63 47 
90 31 95 
65 46 85 
34 69 15 
97 60 87 
69 31 1 
61 75 53 
98 22 86 
66 35 77 
36 19 95 
46 75 27 
28 41 45 
18 98 70 
36 54 14 
66 74 57 
84 36 47 
71 38 70 
86 13 92 
75 95 16 
6 89 92 
84 33 72 
43 8 86 
57 19 55 
24 9 97 
34 41 18 
82 44 68 
44 28 3 
6 58 48 
96 76 56 
88 27 57 
33 57 98 
45 10 91 
4 38 86 
96 10 14 
9 75 12 
98 64 55 
15 42 3 
65 51 42 
49 27 81 
58 5 93 
43 33 42 
30 38 69 
30 28 90 
99 80 93 
12 36 32 
4 2 77 
32 4 93 
12 80 52 
80 74 56 
11 85 77 
94 15 56 
69 43 49 
76 87 74 
91 70 45 
96 78 53 
6 76 31 
23 75 67 
98 79 51 
84 19 64 
12 94 30 
47 23 66 
12 73 86 
48 59 59 
52 67 11 
35 41 85 
3 40 76 
78 80 27 
44 56 57 
76 91 95 
21 56 74 
75 65 69 
6 27 82 
12 75 46 
59 35 92 
93 88 99 
46 87 91 
93 62 69 
76 90 63 
23 40 1 
12 5 90 
13 72 31 
11 7 83 
51 52 32 
89 64 74 
62 59 28 
78 21 45 
59 87 78 
20 23 37 
28 16 48 
68 9 90 
1 42 5 
57 31 66 
70 43 98 
74 33 23 
50 4 45 
9 59 5 
65 17 71 
99 84 46 
62 1 61 
71 24 45 
57 85 25 
65 9 49 
78 31 73 
48 54 80 
71 1 68 
81 26 26 
11 74 63 
27 22 98 
1 15 67 
63 85 93 
34 86 13 
45 63 92 
70 13 40 
94 41 35 
61 11 63 
12 3 24 
89 89 40 
7 99 98 
33 89 25 
13 70 83 
28 90 18 
64 64 45 
20 46 86 
16 73 2 
82 76 45 
25 15 27 
94 57 25 
16 58 2 
1 6 54 
71 71 2 
18 77 50 
81 49 31 
46 39 35 
58 35 95 
62 44 43 
27 8 100 
4 86 69 
42 59 1 
68 86 45 
72 55 10 
64 8 73 
65 59 82 
6 18 80 
5 46 82 
7 92 62 
51 36 24 
38 59 14 
18 56 57 
79 2 16 
51 39 11 
79 7 40 
17 17 52 
36 89 13 
90 2 1 
83 5 88 
58 73 24 
74 86 89 
86 85 66 
16 79 43 
41 68 5 
47 76 67 
53 13 54 
7 64 43 
39 70 70 
47 49 43 
20 45 63 
40 15 41 
71 43 77 
65 55 60 
3 42 23 
49 68 57 
69 69 86 
74 71 82 
31 5 52 
42 59 80 
58 46 41 
61 99 90 
32 84 53 
81 69 31 
60 81 90 
6 12 14 
17 77 53 
52 67 29 
16 64 12 
42 15 48 
93 24 12 
71 38 30 
58 15 74 
60 86 67 
56 45 78 
53 12 47 
80 21 7 
35 54 56 
51 34 5 
19 71 95 
56 8 88 
36 27 23 
2 87 73 
20 62 72 
48 37 88 
100 84 82 
12 98 11 
84 41 52 
36 58 15 
90 78 56 
40 2 92 
43 11 43 
55 43 28 
55 88 75 
11 81 68 
22 7 49 
42 3 7 
67 21 92 
33 74 27 
57 7 81 
26 91 44 
20 70 20 
59 98 88 
72 50 92 
13 42 2 
62 38 7 
7 90 77 
49 77 5 
42 49 46 
74 84 41 
15 18 23 
92 5 38 
38 63 47 
76 69 85 
68 33 3 
33 87 56 
50 24 100 
96 20 34 
25 72 65 
22 93 4 
79 62 86 
69 43 98 
53 26 65 
8 12 78 
92 17 40 
38 71 6 
93 50 24 
85 80 44 
68 12 20 
41 12 85 
52 85 31 
1 64 76 
84 66 35 
14 66 64 
82 15 15 
51 64 90 
59 11 69 
85 12 14 
56 60 36 
31 5 32 
1 40 49 
35 44 85 
63 28 80 
80 59 20 
6 30 44 
68 68 16 
78 47 99 
31 79 93 
86 94 53 
78 60 21 
30 76 86 
4 99 32 
46 42 13 
7 56 56 
93 62 96 
58 40 65 
61 40 100 
96 46 63 
27 21 58 
26 42 36 
45 40 13 
34 5 20 
17 78 98 
25 99 49 
80 9 61 
90 5 32 
7 85 51 
50 21 5 
80 21 92 
25 35 6 
59 68 10 
43 30 89 
51 34 58 
38 72 93 
68 69 16 
45 36 34 
44 85 8 
40 94 100 
9 30 73 
87 86 98 
51 50 24 
45 84 51 
66 70 48 
36 31 29 
23 42 81 
68 56 30 
16 25 85 
80 81 23 
70 72 9 
19 34 41 
31 80 36 
5 5 50 
2 6 1 
24 40 75 
33 45 43 
32 78 85 
64 89 63 
86 69 46 
51 38 35 
23 47 84 
87 65 1 
98 67 4 
58 81 36 
78 19 24 
95 3 1 
16 69 52 
90 37 52 
21 84 95 
55 49 53 
40 45 56 
37 93 15 
13 28 28 
96 39 72 
85 47 91 
91 41 29 
7 5 17 
4 93 70 
64 11 56 
51 67 83 
47 16 17 
68 65 37 
6 70 12 
42 56 15 
94 61 37 
54 15 74 
88 85 9 
3 55 88 
11 14 41 
31 8 21 
5 2 19 
64 79 4 
80 17 15 
49 18 1 
83 52 1 
39 83 34 
32 3 17 
33 19 50 
52 66 55 
5 72 6 
86 12 23 
64 62 60 
35 92 70 
20 37 83 
80 25 7 
3 95 69 
86 90 93 
88 75 12 
86 26 66 
29 99 96 
30 62 5 
54 48 47 
95 53 28 
98 51 27 
6 48 61 
24 44 84 
97 11 86 
94 83 46 
82 81 38 
100 55 82 
82 55 30 
45 95 17 
68 45 98 
35 7 16 
7 76 63 
49 33 92 
9 31 39 
94 15 3 
52 56 3 
25 10 18 
66 92 29 
21 13 28 
2 95 31 
2 79 45 
67 51 57 
41 20 89 
1 33 47 
28 25 12 
72 92 6 
36 2 28 
35 98 35 
80 86 63 
7 59 7 
31 45 13 
27 32 65 
35 34 92 
86 9 84 
56 73 98 
30 43 99 
70 81 99 
38 23 53 
11 54 56 
39 32 79 
90 30 97 
58 98 21 
64 56 4 
22 95 87 
84 42 65 
76 15 96 
38 71 60 
55 76 35 
72 40 41 
98 27 35 
98 42 21 
91 6 41 
10 45 8 
50 14 49 
65 52 91 
87 100 56 
5 45 65 
52 55 14 
68 55 4 
4 4 77 
46 99 55 
47 68 69 
88 24 84 
7 81 7 
25 34 70 
82 41 84 
20 32 65 
46 24 34 
50 37 79 
39 22 8 
88 74 28 
1 11 67 
99 10 89 
71 61 12 
94 88 21 
35 47 43 
34 8 70 
8 39 26 
43 69 93 
96 57 6 
68 97 1 
93 94 64 
75 21 33 
96 48 36 
68 31 77 
88 38 70 
58 85 19 
39 98 29 
95 91 74 
73 61 76 
77 5 1 
63 92 26 
58 80 91 
98 28 39 
89 100 53 
84 44 100 
40 27 13 
86 83 81 
71 7 17 
15 6 19 
5 52 31 
47 92 58 
76 13 83 
10 43 21 
62 61 28 
15 37 20 
99 36 54 
100 23 32 
98 67 22 
33 89 99 
14 61 17 
96 17 33 
35 94 88 
54 6 33 
2 43 5 
36 69 73 
79 98 75 
79 89 44 
40 61 41 
56 50 71 
19 70 53 
44 38 77 
17 42 12 
54 87 37 
22 9 85 
3 3 69 
1 98 36 
26 4 18 
82 42 56 
95 72 56 
56 86 27 
74 25 92 
55 9 92 
96 33 71 
38 86 64 
15 71 58 
25 88 34 
54 55 56 
38 48 7 
27 99 40 
85 92 24 
22 24 57 
38 85 5 
30 57 63 
24 25 2 
65 31 93 
21 19 3 
25 42 30 
52 73 40 
81 29 38 
45 70 35 
87 54 62 
84 64 34 
64 31 76 
73 44 54 
16 96 2 
43 41 47 
27 53 56 
92 32 80 
96 35 19 
80 81 59 
76 99 13 
21 67 21 
63 22 15 
70 49 72 
58 39 47 
6 22 25 
59 53 62 
11 36 72 
17 23 77 
62 43 36 
82 64 65 
99 91 45 
80 84 10 
27 3 49 
71 49 38 
3 87 34 
3 8 61 
62 7 41 
38 22 78 
31 57 58 
40 65 14 
44 55 54 
91 92 34 
54 52 80 
21 32 29 
89 44 58 
40 95 34 
85 93 63 
98 66 86 
3 9 46 
70 91 47 
7 69 15 
25 69 75 
20 72 33 
22 97 31 
68 12 96 
83 83 90 
85 3 7 
78 59 72 
64 51 61 
35 100 59 
97 63 53 
39 77 18 
27 15 26 
51 22 56 
78 78 12 
99 81 39 
48 69 56 
31 10 69 
71 45 77 
23 6 73 
60 89 51 
46 57 7 
42 44 69 
29 29 26 
77 22 55 
59 25 6 
37 26 59 
80 29 32 
71 100 95 
40 19 68 
1 49 2 
10 34 20 
50 39 55 
86 58 51 
90 26 42 
56 9 48 
2 73 24 
25 6 8 
86 91 21 
81 66 70 
100 43 90 
49 79 81 
61 78 91 
85 54 56 
94 16 97 
83 72 29 
86 79 11 
97 89 22 
87 85 69 
45 33 96 
33 86 37 
11 85 27 
6 46 33 
71 61 89 
13 58 74 
49 13 72 
81 94 84 
82 17 24 
57 69 96 
79 1 80 
34 75 28 
44 22 6 
34 53 3 
13 90 68 
4 5 55 
36 74 36 
51 97 80 
31 38 39 
11 41 95 
21 59 53 
54 6 48 
12 58 42 
59 82 94 
53 55 23 
75 97 17 
59 40 58 
96 63 55 
3 36 84 
12 45 90 
89 9 99 
93 88 24 
21 28 14 
36 73 28 
48 47 5 
25 3 73 
41 42 37 
93 4 90 
18 60 14 
86 8 10 
3 73 34 
44 86 42 
40 12 19 
41 62 22 
44 65 68 
19 16 26 
33 48 28 
72 56 96 
58 28 87 
68 89 95 
96 97 31 
32 67 43 
55 98 89 
24 90 16 
14 27 65 
58 78 29 
57 61 58 
48 87 34 
67 19 4 
61 96 32 
48 89 5 
11 56 4 
52 40 58 
60 83 50 
40 92 56 
16 52 22 
49 9 94 
75 61 20 
18 46 93 
17 10 29 
4 30 76 
41 96 2 
85 8 14 
8 97 94 
41 33 31 
17 52 65 
50 39 54 
96 46 95 
78 40 4 
15 81 14 
88 44 23 
78 49 95 
44 69 80 
21 11 27 
63 15 16 
25 77 60 
28 85 22 
7 33 84 
17 17 86 
6 82 72 
16 6 78 
44 90 44 
6 35 51 
72 80 74 
10 4 66 
62 48 94 
69 13 74 
81 9 32 
6 71 46 
18 63 28 
43 95 86 
13 65 46 
36 43 92 
69 30 23 
49 27 32 
52 42 73 
65 60 82 
10 81 93 
3 64 37 
95 27 5 
51 6 56 
38 46 63 
7 40 93 
40 82 4 
45 18 59 
21 71 6 
24 86 54 
72 46 45 
73 68 79 
28 49 34 
51 55 54 
2 64 50 
14 65 61 
33 78 87 
25 10 72 
6 17 35 
18 3 92 
26 85 37 
28 94 91 
3 25 52 
43 71 62 
31 58 66 
8 20 32 
50 23 62 
66 99 92 
93 59 25 
97 94 1 
55 93 49 
92 66 20 
40 74 90 
50 28 63 
42 96 89 
53 50 15 
26 33 85 
46 82 97 
41 80 83 
17 1 90 
17 100 5 
4 51 88 
93 66 55 
34 16 86 
88 57 52 
33 26 98 
15 22 1 
13 36 80 
5 63 33 
13 74 59 
78 71 84 
34 47 18 
77 29 70 
62 59 56 
98 1 43 
94 73 86 
64 45 4 
45 93 52 
53 37 17 
60 85 7 
79 39 64 
88 73 58 
26 68 87 
74 96 50 
8 30 92 
48 66 60 
94 95 92 
68 61 60 
69 51 94 
6 83 50 
11 11 10 
99 35 22 
60 61 62 
52 98 32 
21 92 49 
36 20 93 
30 15 32 
35 19 57 
24 25 32 
8 99 82 
51 98 93 
35 80 42 
12 81 8 
88 21 84 
97 49 64 
19 44 99 
45 81 96 
59 33 9 
38 60 41 
18 57 83 
53 69 35 
24 10 15 
62 29 22 
52 95 4 
49 42 73 
75 6 20 
66 75 98 
50 27 56 
17 98 69 
56 16 49 
29 37 32 
96 96 98 
34 59 91 
86 42 23 
8 86 61 
4 57 61 
74 82 23 
71 46 10 
67 55 86 
61 68 23 
18 44 26 
9 63 82 
46 90 21 
71 36 47 
88 19 22 
37 5 88 
62 44 94 
66 19 92 
78 35 1 
19 6 3 
99 27 37 
73 79 23 
43 40 13 
89 47 75 
68 20 91 
40 58 88 
77 69 67 
66 11 15 
94 90 55 
15 92 33 
78 51 74 
88 27 22 
78 91 24 
30 33 35 
68 99 12 
99 36 9 
33 38 13 
70 5 53 
52 94 76 
49 78 32 
1 79 89 
62 73 16 
71 6 55 
6 90 23 
30 72 13 
3 58 62 
59 62 29 
44 2 53 
90 13 39 
42 85 73 
9 32 91 
47 40 31 
68 26 53 
89 54 7 
28 96 4 
7 33 59 
81 92 19 
21 99 74 
51 77 49 
44 45 64 
65 9 26 
41 42 93 
55 39 78 
25 65 90 
44 86 30 
40 6 30 
72 87 46 
82 53 79 
19 75 27 
94 51 16 
78 16 71 
30 76 61 
19 43 73 
42 41 82 
32 35 100 
51 82 12 
94 75 58 
87 63 46 
21 38 93 
57 76 31 
82 52 5 
9 77 80 
51 11 45 
55 71 90 
3 12 56 
67 47 91 
90 27 50 
67 23 79 
16 38 34 
2 73 30 
90 62 14 
56 59 79 
81 55 32 
50 81 12 
60 34 81 
97 31 26 
4 53 94 
66 36 81 
64 44 8 
25 65 78 
30 15 39 
38 30 73 
51 59 97 
42 37 56 
98 78 30 
100 47 71 
84 4 100 
53 20 12 
66 11 55 
8 71 28 
93 79 90 
55 12 31 
98 82 78 
61 87 27 
100 76 73 
34 47 41 
69 87 75 
20 42 64 
70 6 17 
39 26 96 
46 66 48 
85 20 12 
62 37 75 
3 88 40 
28 72 96 
22 69 27 
11 48 43 
57 44 68 
46 93 88 
39 49 66 
68 57 20 
67 4 46 
15 88 60 
28 36 77 
72 28 76 
17 49 6 
34 61 75 
29 69 21 
44 23 33 
4 31 36 
14 99 69 
33 49 27 
53 17 24 
100 18 24 
73 39 100 
82 47 44 
95 71 97 
25 55 73 
27 34 25 
85 74 25 
11 60 92 
36 85 37 
26 47 36 
16 80 92 
4 13 19 
37 97 42 
73 16 62 
51 13 82 
7 88 89 
86 29 30 
14 69 84 
40 39 75 
68 18 23 
2 57 59 
93 20 34 
83 93 35 
78 91 53 
24 58 73 
30 4 50 
65 86 35 
47 38 80 
31 65 24 
75 9 99 
46 62 100 
40 91 60 
87 5 14 
68 22 25 
42 89 21 
48 53 85 
39 65 53 
60 85 59 
94 24 95 
55 51 91 
42 16 87 
81 29 84 
28 1 14 
3 26 15 
85 31 70 
56 54 63 
75 34 48 
24 3 13 
74 1 48 
15 70 62 
45 37 50 
57 79 88 
78 18 93 
48 53 6 
31 15 48 
59 24 69 
37 98 15 
99 62 38 
28 15 32 
77 57 44 
3 1 51 
79 24 97 
68 10 46 
77 66 40 
64 57 53 
95 95 42 
27 90 16 
68 49 62 
17 60 23 
24 36 27 
97 32 78 
61 17 87 
69 32 44 
35 46 95 
92 31 74 
84 44 91 
23 48 56 
9 36 22 
9 71 5 
49 29 41 
74 88 36 
14 35 57 
22 47 25 
34 65 36 
72 25 79 
96 73 95 
69 32 99 
64 75 27 
45 85 7 
37 51 70 
78 30 26 
91 90 10 
71 31 59 
56 32 36 
5 100 30 
66 66 98 
91 66 38 
89 52 71 
27 28 87 
62 36 100 
62 75 33 
43 99 72 
36 41 69 
24 15 78 
50 37 38 
44 71 64 
38 67 77 
98 64 62 
56 77 48 
80 57 87 
62 41 38 
23 30 40 
59 63 56 
66 5 47 
99 85 50 
4 83 11 
40 80 50 
29 50 21 
100 76 5 
37 79 23 
81 26 2 
99 80 12 
50 9 52 
92 99 54 
84 42 18 
37 93 23 
28 81 79 
29 51 1 
8 25 12 
59 82 84 
96 69 1 
50 12 83 
35 55 93 
61 47 23 
14 60 57 
62 49 54 
79 53 4 
95 42 80 
20 79 41 
85 1 77 
4 94 98 
54 97 67 
16 20 47 
43 86 2 
7 93 99 
73 100 54 
67 51 44 
90 49 100 
29 81 46 
55 26 97 
24 29 86 
30 13 65 
59 29 95 
6 52 18 
93 14 26 
37 24 88 
57 79 17 
26 71 27 
86 13 54 
100 76 61 
19 78 79 
12 56 97 
6 24 1 
41 31 70 
75 93 55 
59 58 83 
23 89 65 
57 30 81 
1 14 43 
85 59 80 
59 53 59 
22 12 8 
10 75 57 
81 16 93 
81 79 11 
55 88 63 
100 15 14 
1 3 8 
47 74 54 
29 24 8 
47 25 47 
31 8 67 
49 9 60 
39 89 46 
28 59 10 
62 68 29 
3 47 19 
1 75 75 
71 79 40 
27 50 43 
49 19 67 
37 95 67 
60 59 28 
85 7 90 
67 37 89 
58 64 30 
3 95 49 
7 45 13 
56 23 10 
59 67 93 
57 48 74 
21 13 30 
87 52 64 
96 47 15 
82 59 6 
95 66 74 
57 47 91 
20 5 87 
40 36 95 
70 22 23 
55 20 6 
24 26 35 
83 17 36 
44 67 13 
8 100 50 
100 87 20 
25 55 19 
66 68 85 
64 91 41 
32 78 11 
1 20 46 
100 14 15 
83 56 93 
53 18 17 
99 83 82 
82 78 39 
37 100 8 
62 4 54 
90 26 61 
47 32 3 
36 31 67 
54 25 1 
13 70 65 
20 53 11 
84 76 42 
24 68 61 
22 64 21 
79 3 45 
18 36 26 
18 37 63 
37 84 52 
33 38 32 
71 67 23 
7 54 64 
61 7 6 
77 5 17 
36 55 34 
80 86 65 
60 22 63 
83 51 34 
11 78 99 
51 4 34 
92 71 20 
98 59 12 
7 19 88 
68 97 100 
56 87 37 
15 70 35 
85 21 1 
96 82 60 
33 90 68 
10 63 12 
47 5 29 
31 25 50 
11 68 76 
98 91 39 
17 37 18 
81 10 30 
31 37 38 
49 72 95 
86 21 41 
61 20 89 
5 56 60 
94 39 83 
66 70 9 
47 57 28 
24 39 97 
28 45 67 
73 86 60 
69 76 63 
34 83 89 
25 98 44 
30 1 77 
85 21 42 
84 12 46 
52 73 97 
82 18 65 
58 66 65 
71 33 93 
23 6 12 
35 49 66 
28 98 25 
44 79 58 
8 75 5 
37 60 63 
30 58 66 
89 47 19 
79 45 38 
83 40 25 
99 26 28 
55 5 8 
61 91 43 
80 48 43 
69 69 83 
86 99 12 
80 52 88 
77 69 19 
43 9 67 
49 19 9 
61 10 42 
72 97 33 
65 71 60 
48 27 85 
99 80 79 
11 74 67 
19 70 99 
28 55 20 
37 93 3 
74 91 64 
3 67 75 
80 17 23 
27 4 56 
3 91 86 
39 88 88 
10 5 59 
13 82 93 
11 97 58 
23 43 30 
81 18 11 
46 42 32 
66 39 45 
47 39 9 
14 90 84 
40 9 37 
41 50 5 
30 86 84 
79 10 31 
57 42 47 
36 24 47 
52 5 92 
75 38 18 
10 90 30 
4 79 77 
10 95 96 
44 56 96 
82 97 19 
79 19 37 
72 14 3 
100 76 34 
23 85 61 
62 78 72 
66 25 78 
87 29 70 
6 40 36 
28 82 53 
81 32 7 
67 71 98 
54 85 73 
92 35 73 
26 43 51 
85 37 91 
47 8 52 
62 24 96 
93 41 33 
47 46 10 
96 66 22 
63 34 30 
40 89 8 
3 96 81 
94 68 64 
7 8 32 
85 41 52 
67 84 59 
68 60 32 
13 9 51 
70 42 13 
88 57 84 
82 22 35 
57 91 51 
73 29 68 
65 27 31 
21 42 72 
18 44 57 
17 52 90 
16 44 90 
33 47 13 
39 8 75 
84 59 83 
32 7 81 
13 97 88 
52 20 69 
18 43 56 
7 61 96 
60 83 24 
34 42 28 
59 84 78 
71 66 42 
39 22 97 
56 74 71 
18 18 32 
16 69 10 
22 75 99 
66 3 54 
66 81 3 
12 92 53 
32 68 91 
43 79 16 
66 34 84 
79 71 3 
58 63 29 
43 58 65 
88 39 2 
71 67 20 
4 16 38 
71 65 89 
6 20 52 
76 83 31 
12 52 49 
20 65 76 
10 4 55 
1 83 46 
88 28 6 
28 1 65 
17 7 93 
29 74 29 
39 4 98 
28 29 67 
43 5 10 
90 22 68 
52 30 71 
24 18 75 
58 63 46 
93 46 75 
83 98 39 
48 15 81 
60 90 16 
79 96 68 
65 62 4 
15 52 23 
10 9 70 
56 40 85 
47 87 7 
47 8 43 
88 61 71 
65 58 13 
22 68 90 
96 93 17 
19 49 2 
77 16 6 
74 24 25 
51 79 64 
83 32 52 
69 77 33 
42 51 92 
7 25 46 
10 18 50 
5 50 54 
97 87 20 
34 25 75 
85 35 1 
14 14 55 
3 48 51 
97 88 27 
2 54 3 
97 30 31 
94 86 38 
38 11 5 
14 15 72 
11 6 12 
95 82 34 
20 49 53 
22 17 46 
85 16 100 
24 19 91 
82 81 25 
50 90 21 
20 66 10 
13 36 13 
53 51 59 
70 98 66 
12 95 90 
4 83 1 
64 83 7 
54 2 74 
100 35 84 
79 67 53 
89 66 64 
56 46 75 
70 40 31 
9 7 48 
69 31 10 
56 50 33 
42 6 12 
20 81 9 
65 46 23 
43 41 40 
42 2 6 
78 6 2 
20 91 58 
37 41 71 
49 91 60 
50 56 61 
86 41 5 
10 42 59 
29 66 90 
10 35 31 
44 82 27 
80 99 88 
95 65 91 
80 89 38 
78 64 79 
57 20 71 
25 70 60 
34 72 61 
62 70 37 
23 22 65 
84 42 53 
7 66 6 
66 5 38 
96 37 69 
75 69 72 
88 72 7 
20 61 79 
88 14 28 
88 70 15 
47 18 18 
91 68 98 
69 22 20 
39 85 45 
76 99 40 
66 55 76 
4 26 16 
77 52 17 
46 40 82 
50 97 12 
86 74 55 
11 70 58 
53 85 84 
28 33 62 
50 18 58 
54 77 3 
14 44 6 
44 43 72 
82 67 12 
9 84 34 
40 76 33 
6 15 78 
83 92 72 
70 7 10 
74 66 69 
99 50 92 
15 48 79 
14 87 82 
6 31 33 
41 45 69 
78 100 10 
84 22 40 
65 89 77 
31 15 68 
61 17 31 
100 87 26 
20 80 89 
12 100 15 
27 16 92 
46 71 23 
63 86 12 
23 89 45 
94 63 86 
61 61 41 
25 80 98 
76 44 4 
3 93 25 
19 35 67 
26 63 63 
58 77 51 
86 18 64 
22 6 30 
9 58 84 
12 90 30 
5 13 11 
12 68 84 
45 57 13 
91 8 11 
71 34 64 
46 22 28 
14 36 66 
6 62 18 
37 47 68 
31 57 78 
8 27 83 
90 71 98 
97 60 89 
17 49 15 
29 38 23 
33 60 71 
19 58 6 
68 25 22 
18 86 4 
69 57 93 
21 78 22 
42 30 46 
29 86 77 
22 30 2 
87 59 85 
71 47 59 
69 20 44 
85 86 36 
61 11 28 
61 90 79 
57 94 68 
32 75 25 
66 3 100 
38 54 66 
42 89 44 
10 16 51 
37 37 74 
7 16 55 
69 94 30 
28 72 81 
97 79 26 
53 29 11 
74 5 35 
23 40 64 
74 37 39 
50 22 28 
44 21 95 
38 25 36 
64 13 7 
8 78 86 
70 96 13 
84 36 35 
69 31 77 
74 1 53 
74 79 85 
91 83 40 
3 93 99 
53 77 91 
96 93 50 
11 89 41 
7 80 81 
83 20 58 
54 82 31 
69 82 79 
21 56 49 
8 48 47 
87 89 86 
16 81 39 
49 91 80 
48 48 61 
71 6 49 
95 95 34 
83 77 72 
21 92 41 
38 61 77 
34 21 49 
99 33 75 
95 63 31 
53 75 29 
55 6 19 
28 36 47 
66 61 74 
82 44 27 
89 95 32 
8 30 57 
88 71 82 
67 84 18 
34 11 11 
66 1 23 
62 85 82 
20 79 84 
82 87 69 
31 58 56 
70 83 30 
58 83 51 
40 51 64 
42 36 31 
68 48 10 
59 32 71 
38 12 36 
63 9 67 
43 67 20 
83 59 23 
46 75 44 
39 12 5 
27 64 1 
24 61 86 
16 91 90 
34 28 51 
52 47 62 
11 83 25 
11 75 38 
89 11 50 
77 8 3 
32 18 7 
99 65 71 
4 34 88 
66 59 98 
69 5 12 
25 23 29 
97 13 5 
33 75 53 
75 87 91 
21 84 54 
47 81 28 
40 87 7 
69 8 34 
37 31 96 
74 78 49 
97 37 72 
38 56 49 
43 61 21 
74 51 53 
7 7 76 
30 66 16 
27 1 77 
99 8 70 
16 15 74 
4 91 33 
84 2 94 
90 18 62 
77 98 72 
23 83 70 
52 12 58 
47 82 23 
53 66 77 
32 26 20 
86 59 17 
59 76 21 
63 58 64 
56 85 82 
38 13 43 
31 77 20 
40 3 60 
23 92 50 
93 52 52 
42 68 41 
3 89 5 
77 14 9 
8 29 68 
52 74 36 
73 62 65 
80 52 61 
72 31 90 
56 56 4 
68 36 79 
20 18 19 
36 47 28 
90 45 35 
80 86 34 
19 5 51 
50 37 30 
22 70 24 
90 1 58 
5 48 74 
64 13 71 
5 50 87 
32 14 44 
32 45 99 
74 13 74 
86 16 40 
75 31 20 
20 64 34 
86 23 18 
40 91 13 
51 5 31 
23 33 97 
72 90 52 
19 93 67 
33 76 45 
28 60 60 
1 76 62 
81 52 4 
100 9 64 
18 23 53 
7 27 93 
84 30 74 
74 56 95 
92 76 78 
50 87 45 
17 52 83 
10 65 87 
39 78 31 
54 5 49 
96 33 49 
59 72 99 
100 53 40 
44 58 69 
27 30 41 
71 62 27 
41 97 87 
28 22 57 
97 78 81 
90 31 90 
100 27 50 
49 36 36 
41 17 8 
27 68 18 
59 16 81 
24 70 2 
52 22 22 
41 68 74 
86 72 27 
35 94 7 
83 64 20 
75 88 75 
2 11 32 
2 53 11 
53 79 41 
17 26 43 
11 75 27 
40 76 16 
74 72 7 
47 4 98 
26 73 9 
21 65 72 
34 79 53 
44 41 27 
85 90 71 
44 52 93 
30 2 47 
48 88 12 
12 51 64 
23 55 66 
72 98 37 
64 21 43 
64 90 76 
46 40 26 
41 46 60 
83 26 40 
52 99 89 
93 58 33 
95 20 18 
98 10 92 
85 10 26 
19 99 12 
5 39 97 
65 65 52 
62 83 19 
9 93 87 
29 100 24 
89 51 79 
52 20 63 
20 34 1 
49 41 34 
6 87 74 
31 32 86 
25 55 38 
45 68 89 
13 34 86 
36 76 20 
39 6 41 
93 26 46 
19 37 41 
84 59 11 
8 100 26 
95 39 75 
49 29 82 
30 16 14 
19 91 89 
44 18 2 
4 9 38 
44 96 1 
85 76 89 
37 98 12 
74 30 51 
95 11 89 
49 5 51 
89 16 86 
15 6 24 
53 43 45 
98 6 7 
70 81 91 
42 49 96 
61 43 54 
20 29 32 
96 36 17 
96 46 61 
26 54 98 
97 93 64 
18 80 51 
18 43 97 
20 63 68 
23 52 7 
36 19 9 
11 38 63 
17 26 43 
1 49 25 
14 66 82 
1 36 3 
12 38 5 
46 93 59 
99 94 81 
10 62 24 
85 18 22 
78 4 55 
34 90 86 
72 50 64 
80 6 96 
25 1 9 
3 80 49 
9 20 15 
91 11 86 
95 12 3 
65 33 51 
52 12 13 
39 3 97 
13 94 49 
5 55 88 
100 81 61 
95 6 15 
10 83 73 
15 74 97 
55 23 2 
58 86 77 
46 14 5 
52 72 50 
85 73 17 
71 94 37 
28 17 70 
80 3 92 
68 17 15 
31 99 89 
60 59 22 
70 65 70 
68 53 94 
49 65 80 
59 72 87 
46 22 46 
15 20 18 
9 88 59 
66 44 95 
48 41 92 
90 63 64 
44 14 19 
3 21 88 
18 61 90 
27 55 42 
57 48 10 
7 43 16 
44 17 19 
23 59 7 
99 78 35 
90 62 34 
81 15 38 
73 78 44 
6 6 12 
57 84 96 
76 93 26 
93 91 37 
70 77 36 
48 40 38 
47 78 28 
74 48 41 
42 8 42 
16 7 57 
92 35 73 
79 22 79 
98 12 18 
8 2 44 
65 3 83 
9 32 57 
70 93 29 
58 77 7 
63 5 55 
71 79 80 
37 2 79 
74 3 45 
5 98 30 
59 46 44 
53 71 73 
42 78 65 
84 3 89 
28 38 75 
80 73 2 
28 70 19 
83 75 82 
58 97 12 
59 62 49 
51 58 1 
65 43 16 
29 59 1 
79 65 88 
62 4 60 
5 66 71 
87 26 69 
70 8 100 
8 43 91 
73 73 34 
6 5 29 
4 65 40 
86 58 75 
75 21 49 
77 17 38 
35 36 4 
63 28 79 
56 35 36 
19 72 64 
64 22 99 
97 19 3 
86 29 42 
84 93 1 
92 64 68 
93 34 24 
9 31 59 
56 56 29 
80 71 91 
36 30 15 
91 6 41 
87 63 12 
82 47 20 
22 5 38 
82 29 25 
100 7 62 
36 48 18 
13 75 77 
32 20 55 
60 11 51 
75 4 99 
62 6 22 
93 50 44 
81 10 58 
53 23 6 
40 2 47 
12 47 25 
23 79 68 
7 53 62 
38 73 97 
36 64 53 
90 57 9 
39 14 26 
19 36 22 
29 37 26 
87 86 91 
78 90 74 
45 35 9 
64 76 16 
23 11 64 
78 92 42 
47 52 26 
60 35 23 
48 85 19 
46 100 1 
56 19 29 
72 11 65 
28 6 68 
79 92 22 
73 37 84 
70 92 41 
83 9 88 
4 19 6 
15 12 12 
1 90 91 
85 53 78 
86 86 85 
2 80 97 
59 55 13 
98 55 47 
51 10 64 
26 40 35 
70 95 50 
62 28 62 
21 78 40 
20 43 49 
90 28 6 
2 30 26 
58 85 59 
14 65 77 
65 22 57 
60 37 89 
70 100 80 
52 89 49 
78 79 65 
22 50 49 
13 78 64 
2 6 24 
90 13 59 
69 3 6 
67 79 10 
66 92 22 
20 42 58 
93 51 7 
98 94 23 
99 69 47 
37 57 5 
50 10 23 
72 34 37 
57 52 56 
42 83 95 
16 60 35 
3 56 6 
13 14 43 
51 52 40 
32 76 21 
86 6 58 
52 64 8 
13 88 22 
62 91 72 
49 35 10 
84 12 22 
70 57 54 
79 27 96 
100 18 72 
43 32 52 
12 38 74 
35 94 63 
9 89 48 
72 65 25 
88 84 84 
84 84 45 
32 31 16 
37 10 22 
66 46 13 
46 50 100 
29 72 20 
54 30 6 
76 12 44 
7 28 23 
37 7 33 
56 28 53 
11 40 21 
64 71 57 
22 1 40 
97 45 43 
22 67 43 
26 12 40 
58 26 48 
100 66 36 
25 19 7 
7 32 23 
42 29 1 
58 77 85 
57 94 58 
73 65 85 
84 12 18 
36 79 86 
48 52 22 
89 46 23 
94 48 75 
1 4 91 
47 23 84 
41 87 2 
42 62 8 
44 3 17 
20 87 94 
63 8 32 
68 34 55 
15 61 65 
50 38 1 
9 85 84 
95 89 37 
39 98 95 
60 77 1 
94 75 52 
17 81 34 
71 51 2 
67 17 11 
84 5 17 
93 18 8 
31 58 17 
12 85 3 
74 6 22 
86 93 10 
50 59 62 
50 48 27 
98 35 48 
55 33 51 
8 19 99 
60 85 61 
38 25 20 
45 7 39 
79 84 9 
62 6 59 
3 2 94 
46 14 5 
50 49 6 
34 94 29 
46 1 9 
16 4 54 
19 64 99 
24 59 63 
4 31 28 
1 48 69 
70 70 27 
95 8 71 
46 24 8 
15 3 36 
87 19 91 
31 49 35 
46 44 44 
19 7 92 
1 3 14 
84 28 56 
45 4 50 
97 51 14 
74 37 74 
11 80 46 
93 57 88 
19 65 87 
50 35 61 
5 32 15 
4 35 19 
54 55 2 
52 11 13 
70 26 80 
82 59 84 
54 21 95 
44 62 26 
92 7 39 
20 51 41 
49 13 2 
86 58 62 
97 15 19 
46 72 71 
72 100 50 
22 17 65 
41 59 21 
84 95 30 
61 32 34 
56 17 92 
69 11 60 
62 91 55 
29 95 20 
3 3 40 
18 6 65 
5 90 54 
91 90 1 
86 5 35 
47 52 30 
26 35 34 
58 93 60 
42 60 9 
43 94 16 
41 61 34 
5 28 46 
57 19 82 
94 22 51 
75 75 46 
88 58 91 
16 54 37 
74 6 34 
22 9 40 
82 37 23 
16 3 37 
85 23 17 
74 74 27 
50 1 12 
26 19 52 
42 55 64 
92 63 100 
91 95 68 
3 81 64 
50 7 69 
59 11 44 
94 47 75 
84 96 26 
47 16 38 
19 5 54 
59 3 35 
8 38 30 
99 94 61 
30 40 86 
35 71 5 
97 66 13 
98 31 53 
83 79 80 
73 9 92 
45 15 16 
74 98 14 
30 70 82 
99 96 44 
41 71 6 
84 59 20 
46 40 8 
40 41 73 
16 99 92 
49 54 52 
94 66 38 
96 15 86 
58 52 4 
46 88 33 
62 21 81 
57 37 21 
100 87 31 
33 70 83 
31 24 68 
54 67 29 
24 46 41 
69 94 23 
37 1 46 
49 50 8 
26 53 100 
65 81 47 
65 10 16 
90 68 59 
78 48 41 
34 79 60 
96 56 45 
87 30 76 
14 91 34 
63 54 63 
26 88 58 
31 81 6 
79 54 5 
73 77 7 
70 86 43 
51 41 48 
40 79 15 
20 53 77 
14 76 85 
39 2 28 
10 91 66 
41 69 94 
54 16 34 
78 42 91 
43 88 76 
51 55 66 
26 90 23 
45 55 67 
23 39 100 
17 40 44 
33 56 99 
43 37 44 
90 72 63 
65 30 46 
70 19 91 
47 60 76 
25 43 49 
19 93 51 
58 52 93 
22 8 78 
86 7 42 
52 15 18 
96 1 34 
100 48 34 
3 66 75 
3 45 97 
72 75 61 
2 76 72 
18 1 14 
27 14 76 
67 92 28 
34 74 59 
47 17 62 
31 76 81 
96 92 9 
63 48 76 
76 71 37 
58 46 10 
81 81 69 
67 72 100 
26 88 72 
75 81 46 
97 49 31 
51 51 19 
86 69 25 
18 56 20 
42 29 13 
63 31 7 
2 91 27 
73 71 49 
99 51 85 
59 39 34 
94 59 79 
26 36 41 
67 77 28 
30 89 100 
52 9 32 
60 63 50 
74 14 76 
6 3 53 
79 15 21 
45 91 72 
25 78 63 
81 35 30 
24 5 51 
40 63 89 
49 34 45 
43 94 38 
90 3 81 
93 44 70 
72 12 61 
48 32 37 
48 96 80 
30 47 100 
19 29 29 
42 86 61 
38 14 60 
24 87 89 
52 2 12 
28 5 89 
78 39 78 
72 27 78 
57 14 40 
62 26 28 
30 95 85 
40 37 1 
80 47 6 
78 4 6 
42 16 35 
29 50 64 
78 79 26 
46 93 50 
78 68 88 
22 79 42 
23 2 37 
64 94 73 
13 1 81 
31 35 94 
63 73 70 
11 2 27 
43 90 28 
53 4 79 
30 29 21 
85 4 29 
17 49 97 
56 92 85 
33 2 22 
83 26 53 
24 57 70 
56 43 15 
93 99 28 
16 18 1 
8 36 80 
67 17 74 
67 37 43 
34 62 63 
78 8 92 
70 22 9 
82 65 74 
94 12 67 
1 43 24 
42 24 48 
50 74 34 
16 55 85 
21 75 79 
15 31 62 
61 71 95 
3 85 69 
91 6 62 
98 24 45 
59 54 32 
59 72 56 
